generacja;koszt_scierzki
1;5765
2;5319
3;5319
4;5191
5;5033
6;4885
7;4780
8;4522
9;4522
10;4400
11;4400
12;4250
13;4085
14;4085
15;4017
16;3948
17;3948
18;3905
19;3889
20;3840
21;3765
22;3672
23;3636
24;3603
25;3438
26;3438
27;3389
28;3326
29;3238
30;3182
31;3120
32;3081
33;2962
34;2844
35;2819
36;2697
37;2681
38;2621
39;2583
40;2550
41;2520
42;2475
43;2449
44;2449
45;2420
46;2347
47;2342
48;2342
49;2314
50;2300
51;2300
52;2300
53;2300
54;2300
55;2300
56;2300
57;2300
58;2300
59;2300
60;2300
61;2300
62;2300
63;2300
64;2300
65;2300
66;2300
67;2300
68;2300
69;2300
70;2300
71;2300
72;2300
73;2300
74;2300
75;2300
76;2300
77;2300
78;2300
79;2300
80;2300
81;2299
82;2299
83;2299
84;2299
85;2299
86;2299
87;2299
88;2299
89;2299
90;2299
91;2299
92;2299
93;2299
94;2299
95;2299
96;2299
97;2299
98;2299
99;2299
100;2299
101;2299
102;2299
103;2299
104;2299
105;2299
106;2299
107;2299
108;2299
109;2299
110;2299
111;2299
112;2299
113;2299
114;2299
115;2299
116;2299
117;2299
118;2299
119;2299
120;2299
121;2299
122;2299
123;2299
124;2299
125;2299
126;2299
127;2299
128;2299
129;2299
130;2299
131;2299
132;2299
133;2299
134;2299
135;2299
136;2299
137;2299
138;2299
139;2299
140;2299
141;2299
142;2299
143;2299
144;2299
145;2299
146;2299
147;2299
148;2299
149;2299
150;2299
151;2299
152;2299
153;2299
154;2299
155;2299
156;2299
157;2299
158;2299
159;2299
160;2299
161;2299
162;2299
163;2299
164;2299
165;2299
166;2299
167;2299
168;2299
169;2299
170;2299
171;2299
172;2299
173;2299
174;2299
175;2299
176;2299
177;2299
178;2299
179;2299
180;2299
181;2299
182;2299
183;2299
184;2299
185;2299
186;2299
187;2299
188;2299
189;2299
190;2299
191;2299
192;2299
193;2299
194;2299
195;2299
196;2299
197;2299
198;2299
199;2299
200;2299
201;2299
202;2299
203;2299
204;2299
205;2299
206;2299
207;2299
208;2299
209;2299
210;2299
211;2299
212;2299
213;2299
214;2299
215;2299
216;2299
217;2299
218;2299
219;2299
220;2299
221;2299
222;2299
223;2299
224;2299
225;2299
226;2299
227;2299
228;2299
229;2299
230;2299
231;2299
232;2299
233;2299
234;2299
235;2299
236;2299
237;2299
238;2299
239;2299
240;2299
241;2299
242;2299
243;2299
244;2299
245;2299
246;2299
247;2299
248;2299
249;2299
250;2299
251;2299
252;2299
253;2299
254;2299
255;2299
256;2299
257;2299
258;2299
259;2299
260;2299
261;2299
262;2299
263;2299
264;2299
265;2299
266;2299
267;2299
268;2299
269;2299
270;2299
271;2299
272;2299
273;2299
274;2299
275;2299
276;2299
277;2299
278;2299
279;2299
280;2299
281;2299
282;2299
283;2299
284;2299
285;2299
286;2299
287;2299
288;2299
289;2299
290;2299
291;2299
292;2299
293;2299
294;2299
295;2299
296;2299
297;2299
298;2299
299;2299
300;2299
301;2299
302;2299
303;2299
304;2299
305;2299
306;2299
307;2299
308;2299
309;2299
310;2299
311;2299
312;2299
313;2299
314;2299
315;2299
316;2299
317;2299
318;2299
319;2299
320;2299
321;2299
322;2299
323;2299
324;2299
325;2299
326;2299
327;2299
328;2299
329;2299
330;2299
331;2299
332;2299
333;2299
334;2299
335;2299
336;2299
337;2299
338;2299
339;2299
340;2299
341;2299
342;2299
343;2299
344;2299
345;2299
346;2299
347;2299
348;2299
349;2299
350;2299
351;2299
352;2299
353;2299
354;2299
355;2299
356;2299
357;2299
358;2299
359;2299
360;2299
361;2299
362;2299
363;2299
364;2299
365;2299
366;2299
367;2299
368;2299
369;2299
370;2299
371;2299
372;2299
373;2299
374;2299
375;2299
376;2299
377;2299
378;2299
379;2299
380;2299
381;2299
382;2299
383;2299
384;2299
385;2299
386;2299
387;2299
388;2299
389;2299
390;2299
391;2299
392;2299
393;2299
394;2299
395;2299
396;2299
397;2299
398;2299
399;2299
400;2299
401;2299
402;2299
403;2299
404;2299
405;2299
406;2299
407;2299
408;2299
409;2299
410;2299
411;2299
412;2299
413;2299
414;2299
415;2299
416;2299
417;2299
418;2299
419;2299
420;2299
421;2299
422;2299
423;2299
424;2299
425;2299
426;2299
427;2299
428;2299
429;2299
430;2299
431;2299
432;2299
433;2299
434;2299
435;2299
436;2299
437;2299
438;2299
439;2299
440;2299
441;2299
442;2299
443;2299
444;2299
445;2299
446;2299
447;2299
448;2299
449;2299
450;2299
451;2299
452;2299
453;2299
454;2299
455;2299
456;2299
457;2299
458;2299
459;2299
460;2299
461;2299
462;2299
463;2299
464;2299
465;2299
466;2299
467;2299
468;2299
469;2299
470;2299
471;2299
472;2299
473;2299
474;2299
475;2299
476;2299
477;2299
478;2299
479;2299
480;2299
481;2299
482;2299
483;2299
484;2299
485;2299
486;2299
487;2299
488;2299
489;2299
490;2299
491;2299
492;2299
493;2299
494;2299
495;2299
496;2299
497;2299
498;2299
499;2299
500;2299
501;2299
502;2299
503;2299
504;2299
505;2299
506;2299
507;2299
508;2299
509;2299
510;2299
511;2299
512;2299
513;2299
514;2299
515;2299
516;2299
517;2299
518;2299
519;2299
520;2299
521;2299
522;2299
523;2299
524;2299
525;2299
526;2299
527;2299
528;2299
529;2299
530;2299
531;2299
532;2299
533;2299
534;2299
535;2299
536;2299
537;2299
538;2299
539;2299
540;2299
541;2299
542;2299
543;2299
544;2299
545;2299
546;2299
547;2299
548;2299
549;2299
550;2299
551;2299
552;2299
553;2299
554;2299
555;2299
556;2299
557;2299
558;2299
559;2299
560;2299
561;2299
562;2299
563;2299
564;2299
565;2299
566;2299
567;2299
568;2299
569;2299
570;2299
571;2299
572;2299
573;2299
574;2299
575;2299
576;2299
577;2299
578;2299
579;2299
580;2299
581;2299
582;2299
583;2299
584;2299
585;2299
586;2299
587;2299
588;2299
589;2299
590;2299
591;2299
592;2299
593;2299
594;2299
595;2299
596;2299
597;2299
598;2299
599;2299
600;2299
601;2299
602;2299
603;2299
604;2299
605;2299
606;2299
607;2299
608;2299
609;2299
610;2299
611;2299
612;2299
613;2299
614;2299
615;2299
616;2299
617;2299
618;2299
619;2299
620;2299
621;2299
622;2299
623;2299
624;2299
625;2299
626;2299
627;2299
628;2299
629;2299
630;2299
631;2299
632;2299
633;2299
634;2299
635;2299
636;2299
637;2299
638;2299
639;2299
640;2299
641;2299
642;2299
643;2299
644;2299
645;2299
646;2299
647;2299
648;2299
649;2299
650;2299
651;2299
652;2299
653;2299
654;2299
655;2299
656;2299
657;2299
658;2299
659;2299
660;2299
661;2299
662;2299
663;2299
664;2299
665;2299
666;2299
667;2299
668;2299
669;2299
670;2299
671;2299
672;2299
673;2299
674;2299
675;2299
676;2299
677;2299
678;2299
679;2299
680;2299
681;2299
682;2299
683;2299
684;2299
685;2299
686;2299
687;2299
688;2299
689;2299
690;2299
691;2299
692;2299
693;2299
694;2299
695;2299
696;2299
697;2299
698;2299
699;2299
700;2299
701;2299
702;2299
703;2299
704;2299
705;2299
706;2299
707;2299
708;2299
709;2299
710;2299
711;2299
712;2299
713;2299
714;2299
715;2299
716;2299
717;2299
718;2299
719;2299
720;2299
721;2299
722;2299
723;2299
724;2299
725;2299
726;2299
727;2299
728;2299
729;2299
730;2299
731;2299
732;2299
733;2299
734;2299
735;2299
736;2299
737;2299
738;2299
739;2299
740;2299
741;2299
742;2299
743;2299
744;2299
745;2299
746;2299
747;2299
748;2299
749;2299
750;2299
751;2299
752;2299
753;2299
754;2299
755;2299
756;2299
757;2299
758;2299
759;2299
760;2299
761;2299
762;2299
763;2299
764;2299
765;2299
766;2299
767;2299
768;2299
769;2299
770;2299
771;2299
772;2299
773;2299
774;2299
775;2299
776;2299
777;2299
778;2299
779;2299
780;2299
781;2299
782;2299
783;2299
784;2299
785;2299
786;2299
787;2299
788;2299
789;2299
790;2299
791;2299
792;2299
793;2299
794;2299
795;2299
796;2299
797;2299
798;2299
799;2299
800;2299
801;2299
802;2299
803;2299
804;2299
805;2299
806;2299
807;2299
808;2299
809;2299
810;2299
811;2299
812;2299
813;2299
814;2299
815;2299
816;2299
817;2299
818;2299
819;2299
820;2299
821;2299
822;2299
823;2299
824;2299
825;2299
826;2299
827;2299
828;2299
829;2299
830;2299
831;2299
832;2299
833;2299
834;2299
835;2299
836;2299
837;2299
838;2299
839;2299
840;2299
841;2299
842;2299
843;2299
844;2299
845;2299
846;2299
847;2299
848;2299
849;2299
850;2299
851;2299
852;2299
853;2299
854;2299
855;2299
856;2299
857;2299
858;2299
859;2299
860;2299
861;2299
862;2299
863;2299
864;2299
865;2299
866;2299
867;2299
868;2299
869;2299
870;2299
871;2299
872;2299
873;2299
874;2299
875;2299
876;2299
877;2299
878;2299
879;2299
880;2299
881;2299
882;2299
883;2299
884;2299
885;2299
886;2299
887;2299
888;2299
889;2299
890;2299
891;2299
892;2299
893;2299
894;2299
895;2299
896;2299
897;2299
898;2299
899;2299
900;2299
901;2299
902;2299
903;2299
904;2299
905;2299
906;2299
907;2299
908;2299
909;2299
910;2299
911;2299
912;2299
913;2299
914;2299
915;2299
916;2299
917;2299
918;2299
919;2299
920;2299
921;2299
922;2299
923;2299
924;2299
925;2299
926;2299
927;2299
928;2299
929;2299
930;2299
931;2299
932;2299
933;2299
934;2299
935;2299
936;2299
937;2299
938;2299
939;2299
940;2299
941;2299
942;2299
943;2299
944;2299
945;2299
946;2299
947;2299
948;2299
949;2299
950;2299
951;2299
952;2299
953;2299
954;2299
955;2299
956;2299
957;2299
958;2299
959;2299
960;2299
961;2299
962;2299
963;2299
964;2299
965;2299
966;2299
967;2299
968;2299
969;2299
970;2299
971;2299
972;2299
973;2299
974;2299
975;2299
976;2299
977;2299
978;2299
979;2299
980;2299
981;2299
982;2299
983;2299
984;2299
985;2299
986;2299
987;2299
988;2299
989;2299
990;2299
991;2299
992;2299
993;2299
994;2299
995;2299
996;2299
997;2299
998;2299
999;2299
1000;2299
1001;2299
1002;2299
1003;2299
1004;2299
1005;2299
1006;2299
1007;2299
1008;2299
1009;2299
1010;2299
1011;2299
1012;2299
1013;2299
1014;2299
1015;2299
1016;2299
1017;2299
1018;2299
1019;2299
1020;2299
1021;2299
1022;2299
1023;2299
1024;2299
1025;2299
1026;2299
1027;2299
1028;2299
1029;2299
1030;2299
1031;2299
1032;2299
1033;2299
1034;2299
1035;2299
1036;2299
1037;2299
1038;2299
1039;2299
1040;2299
1041;2299
1042;2299
1043;2299
1044;2299
1045;2299
1046;2299
1047;2299
1048;2299
1049;2299
1050;2299
1051;2299
1052;2299
1053;2299
1054;2299
1055;2299
1056;2299
1057;2299
1058;2299
1059;2299
1060;2299
1061;2299
1062;2299
1063;2299
1064;2299
1065;2299
1066;2299
1067;2299
1068;2299
1069;2299
1070;2299
1071;2299
1072;2299
1073;2299
1074;2299
1075;2299
1076;2299
1077;2299
1078;2299
1079;2299
1080;2299
1081;2299
1082;2299
1083;2299
1084;2299
1085;2299
1086;2299
1087;2299
1088;2299
1089;2299
1090;2299
1091;2299
1092;2299
1093;2299
1094;2299
1095;2299
1096;2299
1097;2299
1098;2299
1099;2299
1100;2299
1101;2299
1102;2299
1103;2299
1104;2299
1105;2299
1106;2299
1107;2299
1108;2299
1109;2299
1110;2299
1111;2299
1112;2299
1113;2299
1114;2299
1115;2299
1116;2299
1117;2299
1118;2299
1119;2299
1120;2299
1121;2299
1122;2299
1123;2299
1124;2299
1125;2299
1126;2299
1127;2299
1128;2299
1129;2299
1130;2207
1131;2207
1132;2207
1133;2207
1134;2207
1135;2207
1136;2207
1137;2207
1138;2207
1139;2207
1140;2207
1141;2207
1142;2207
1143;2207
1144;2207
1145;2207
1146;2207
1147;2207
1148;2207
1149;2207
1150;2207
1151;2207
1152;2207
1153;2207
1154;2207
1155;2207
1156;2207
1157;2207
1158;2207
1159;2207
1160;2207
1161;2207
1162;2207
1163;2207
1164;2207
1165;2207
1166;2207
1167;2207
1168;2207
1169;2207
1170;2207
1171;2207
1172;2207
1173;2207
1174;2207
1175;2207
1176;2207
1177;2207
1178;2207
1179;2207
1180;2207
1181;2207
1182;2207
1183;2207
1184;2207
1185;2207
1186;2207
1187;2207
1188;2207
1189;2207
1190;2207
1191;2207
1192;2207
1193;2207
1194;2207
1195;2207
1196;2207
1197;2207
1198;2207
1199;2207
1200;2207
1201;2207
1202;2207
1203;2207
1204;2207
1205;2207
1206;2207
1207;2207
1208;2207
1209;2207
1210;2207
1211;2207
1212;2207
1213;2207
1214;2207
1215;2207
1216;2207
1217;2207
1218;2207
1219;2207
1220;2207
1221;2207
1222;2207
1223;2207
1224;2207
1225;2207
1226;2207
1227;2207
1228;2207
1229;2207
1230;2207
1231;2207
1232;2207
1233;2207
1234;2207
1235;2207
1236;2207
1237;2207
1238;2207
1239;2207
1240;2207
1241;2207
1242;2207
1243;2207
1244;2207
1245;2207
1246;2207
1247;2207
1248;2207
1249;2207
1250;2207
1251;2207
1252;2207
1253;2207
1254;2207
1255;2207
1256;2207
1257;2207
1258;2207
1259;2207
1260;2207
1261;2207
1262;2207
1263;2207
1264;2207
1265;2207
1266;2207
1267;2207
1268;2207
1269;2207
1270;2207
1271;2207
1272;2207
1273;2207
1274;2207
1275;2207
1276;2207
1277;2207
1278;2207
1279;2207
1280;2207
1281;2207
1282;2207
1283;2207
1284;2207
1285;2207
1286;2207
1287;2207
1288;2207
1289;2207
1290;2207
1291;2207
1292;2207
1293;2207
1294;2207
1295;2207
1296;2207
1297;2207
1298;2207
1299;2207
1300;2207
1301;2207
1302;2207
1303;2207
1304;2207
1305;2207
1306;2207
1307;2207
1308;2207
1309;2207
1310;2207
1311;2207
1312;2207
1313;2207
1314;2207
1315;2207
1316;2207
1317;2207
1318;2207
1319;2207
1320;2207
1321;2207
1322;2207
1323;2207
1324;2207
1325;2207
1326;2207
1327;2207
1328;2207
1329;2207
1330;2207
1331;2207
1332;2207
1333;2207
1334;2207
1335;2207
1336;2207
1337;2207
1338;2207
1339;2207
1340;2207
1341;2207
1342;2207
1343;2207
1344;2207
1345;2207
1346;2207
1347;2207
1348;2207
1349;2207
1350;2207
1351;2207
1352;2207
1353;2207
1354;2207
1355;2207
1356;2207
1357;2207
1358;2207
1359;2207
1360;2207
1361;2207
1362;2207
1363;2207
1364;2207
1365;2207
1366;2207
1367;2207
1368;2207
1369;2207
1370;2207
1371;2207
1372;2207
1373;2207
1374;2207
1375;2207
1376;2207
1377;2207
1378;2207
1379;2207
1380;2207
1381;2207
1382;2207
1383;2207
1384;2207
1385;2207
1386;2207
1387;2207
1388;2207
1389;2207
1390;2207
1391;2207
1392;2207
1393;2207
1394;2207
1395;2207
1396;2207
1397;2207
1398;2207
1399;2207
1400;2207
1401;2207
1402;2207
1403;2207
1404;2207
1405;2207
1406;2207
1407;2207
1408;2207
1409;2207
1410;2207
1411;2207
1412;2207
1413;2207
1414;2207
1415;2207
1416;2207
1417;2207
1418;2207
1419;2207
1420;2207
1421;2207
1422;2207
1423;2207
1424;2207
1425;2207
1426;2207
1427;2207
1428;2207
1429;2207
1430;2207
1431;2207
1432;2207
1433;2207
1434;2207
1435;2207
1436;2207
1437;2207
1438;2207
1439;2207
1440;2207
1441;2207
1442;2207
1443;2207
1444;2207
1445;2207
1446;2207
1447;2207
1448;2207
1449;2207
1450;2207
1451;2207
1452;2207
1453;2207
1454;2207
1455;2207
1456;2207
1457;2207
1458;2207
1459;2207
1460;2207
1461;2207
1462;2207
1463;2207
1464;2207
1465;2207
1466;2207
1467;2207
1468;2207
1469;2207
1470;2207
1471;2207
1472;2207
1473;2207
1474;2207
1475;2207
1476;2207
1477;2207
1478;2207
1479;2207
1480;2207
1481;2207
1482;2207
1483;2207
1484;2207
1485;2207
1486;2207
1487;2207
1488;2207
1489;2207
1490;2207
1491;2207
1492;2207
1493;2207
1494;2207
1495;2207
1496;2207
1497;2207
1498;2207
1499;2207
1500;2207
1501;2207
1502;2207
1503;2207
1504;2207
1505;2207
1506;2207
1507;2207
1508;2207
1509;2207
1510;2207
1511;2207
1512;2207
1513;2207
1514;2207
1515;2207
1516;2207
1517;2207
1518;2207
1519;2207
1520;2207
1521;2207
1522;2207
1523;2207
1524;2207
1525;2207
1526;2207
1527;2207
1528;2207
1529;2207
1530;2207
1531;2207
1532;2207
1533;2207
1534;2207
1535;2207
1536;2207
1537;2207
1538;2207
1539;2207
1540;2207
1541;2207
1542;2207
1543;2207
1544;2207
1545;2207
1546;2207
1547;2207
1548;2207
1549;2207
1550;2207
1551;2207
1552;2207
1553;2207
1554;2207
1555;2207
1556;2207
1557;2207
1558;2207
1559;2207
1560;2207
1561;2207
1562;2207
1563;2207
1564;2207
1565;2207
1566;2207
1567;2207
1568;2207
1569;2207
1570;2207
1571;2207
1572;2207
1573;2207
1574;2207
1575;2207
1576;2207
1577;2207
1578;2207
1579;2207
1580;2207
1581;2207
1582;2207
1583;2207
1584;2207
1585;2207
1586;2207
1587;2207
1588;2207
1589;2207
1590;2207
1591;2207
1592;2207
1593;2207
1594;2207
1595;2207
1596;2207
1597;2207
1598;2207
1599;2207
1600;2207
1601;2207
1602;2207
1603;2207
1604;2207
1605;2207
1606;2207
1607;2207
1608;2207
1609;2207
1610;2207
1611;2207
1612;2207
1613;2207
1614;2207
1615;2207
1616;2207
1617;2207
1618;2207
1619;2207
1620;2207
1621;2207
1622;2207
1623;2207
1624;2207
1625;2207
1626;2207
1627;2207
1628;2207
1629;2207
1630;2207
1631;2207
1632;2207
1633;2207
1634;2207
1635;2207
1636;2207
1637;2207
1638;2207
1639;2207
1640;2207
1641;2207
1642;2207
1643;2207
1644;2207
1645;2207
1646;2207
1647;2207
1648;2207
1649;2207
1650;2207
1651;2207
1652;2207
1653;2207
1654;2207
1655;2207
1656;2207
1657;2207
1658;2207
1659;2207
1660;2207
1661;2207
1662;2207
1663;2207
1664;2207
1665;2207
1666;2207
1667;2207
1668;2207
1669;2207
1670;2207
1671;2207
1672;2207
1673;2207
1674;2207
1675;2207
1676;2207
1677;2207
1678;2207
1679;2207
1680;2207
1681;2207
1682;2207
1683;2207
1684;2207
1685;2207
1686;2207
1687;2207
1688;2207
1689;2207
1690;2207
1691;2207
1692;2207
1693;2207
1694;2207
1695;2207
1696;2207
1697;2207
1698;2207
1699;2207
1700;2207
1701;2207
1702;2207
1703;2207
1704;2207
1705;2207
1706;2207
1707;2207
1708;2207
1709;2207
1710;2207
1711;2207
1712;2207
1713;2207
1714;2207
1715;2207
1716;2207
1717;2207
1718;2207
1719;2207
1720;2207
1721;2207
1722;2207
1723;2207
1724;2207
1725;2207
1726;2207
1727;2207
1728;2207
1729;2207
1730;2207
1731;2207
1732;2207
1733;2207
1734;2207
1735;2207
1736;2207
1737;2207
1738;2207
1739;2207
1740;2207
1741;2207
1742;2207
1743;2207
1744;2207
1745;2207
1746;2207
1747;2207
1748;2207
1749;2207
1750;2207
1751;2207
1752;2207
1753;2207
1754;2207
1755;2207
1756;2207
1757;2207
1758;2207
1759;2207
1760;2207
1761;2207
1762;2207
1763;2207
1764;2207
1765;2207
1766;2207
1767;2207
1768;2207
1769;2207
1770;2207
1771;2207
1772;2207
1773;2207
1774;2207
1775;2207
1776;2207
1777;2207
1778;2207
1779;2207
1780;2207
1781;2207
1782;2207
1783;2207
1784;2207
1785;2207
1786;2207
1787;2207
1788;2207
1789;2207
1790;2207
1791;2207
1792;2207
1793;2207
1794;2207
1795;2207
1796;2207
1797;2207
1798;2207
1799;2207
1800;2207
1801;2207
1802;2207
1803;2207
1804;2207
1805;2207
1806;2207
1807;2207
1808;2207
1809;2207
1810;2207
1811;2207
1812;2207
1813;2207
1814;2207
1815;2207
1816;2207
1817;2207
1818;2207
1819;2207
1820;2207
1821;2207
1822;2207
1823;2207
1824;2207
1825;2207
1826;2207
1827;2207
1828;2207
1829;2207
1830;2207
1831;2207
1832;2207
1833;2207
1834;2207
1835;2207
1836;2207
1837;2207
1838;2207
1839;2207
1840;2207
1841;2207
1842;2207
1843;2207
1844;2207
1845;2207
1846;2207
1847;2207
1848;2207
1849;2207
1850;2207
1851;2207
1852;2207
1853;2207
1854;2207
1855;2207
1856;2207
1857;2207
1858;2207
1859;2207
1860;2207
1861;2207
1862;2207
1863;2207
1864;2207
1865;2207
1866;2207
1867;2207
1868;2207
1869;2207
1870;2207
1871;2207
1872;2207
1873;2207
1874;2207
1875;2207
1876;2207
1877;2207
1878;2207
1879;2207
1880;2207
1881;2207
1882;2207
1883;2207
1884;2207
1885;2207
1886;2207
1887;2207
1888;2207
1889;2207
1890;2207
1891;2207
1892;2207
1893;2207
1894;2207
1895;2207
1896;2207
1897;2207
1898;2207
1899;2207
1900;2207
1901;2207
1902;2207
1903;2207
1904;2207
1905;2207
1906;2207
1907;2207
1908;2207
1909;2207
1910;2207
1911;2207
1912;2207
1913;2207
1914;2207
1915;2207
1916;2207
1917;2207
1918;2207
1919;2207
1920;2207
1921;2207
1922;2207
1923;2207
1924;2207
1925;2207
1926;2207
1927;2207
1928;2207
1929;2207
1930;2207
1931;2207
1932;2207
1933;2207
1934;2207
1935;2207
1936;2207
1937;2207
1938;2207
1939;2207
1940;2207
1941;2207
1942;2207
1943;2207
1944;2207
1945;2207
1946;2207
1947;2207
1948;2207
1949;2207
1950;2207
1951;2207
1952;2207
1953;2207
1954;2207
1955;2207
1956;2207
1957;2207
1958;2207
1959;2207
1960;2207
1961;2207
1962;2207
1963;2207
1964;2207
1965;2207
1966;2207
1967;2207
1968;2207
1969;2207
1970;2207
1971;2207
1972;2207
1973;2207
1974;2207
1975;2207
1976;2207
1977;2207
1978;2207
1979;2207
1980;2207
1981;2207
1982;2207
1983;2207
1984;2207
1985;2207
1986;2207
1987;2207
1988;2207
1989;2207
1990;2207
1991;2207
1992;2207
1993;2207
1994;2207
1995;2207
1996;2207
1997;2207
1998;2207
1999;2207
2000;2207
