generacja;koszt_scierzki
1;23120
2;22701
3;22701
4;22215
5;21944
6;21716
7;21569
8;21011
9;20776
10;20485
11;20177
12;20177
13;20049
14;19860
15;19362
16;19362
17;19361
18;19074
19;19074
20;19074
21;18708
22;18708
23;18281
24;17869
25;17869
26;17741
27;17686
28;17633
29;17633
30;17633
31;17468
32;16879
33;16879
34;16865
35;16696
36;16653
37;16579
38;16579
39;16579
40;16426
41;16366
42;16338
43;16169
44;16086
45;15929
46;15791
47;15688
48;15688
49;15466
50;15401
51;15089
52;15089
53;15089
54;15089
55;15089
56;15070
57;15070
58;14773
59;14773
60;14501
61;14262
62;14262
63;14046
64;14046
65;13993
66;13888
67;13850
68;13673
69;13617
70;13610
71;13558
72;13314
73;13235
74;13235
75;13194
76;13194
77;13107
78;12904
79;12772
80;12772
81;12772
82;12650
83;12473
84;12473
85;12473
86;12473
87;12473
88;12309
89;12309
90;12309
91;12255
92;12255
93;12248
94;12248
95;12036
96;12036
97;12036
98;12036
99;12036
100;11818
101;11818
102;11818
103;11818
104;11818
105;11818
106;11818
107;11695
108;11497
109;11497
110;11497
111;11389
112;11389
113;11389
114;11348
115;11348
116;11348
117;11348
118;11348
119;11348
120;11348
121;11307
122;11307
123;11200
124;11200
125;11200
126;11200
127;11186
128;11044
129;11044
130;11044
131;10921
132;10917
133;10884
134;10854
135;10824
136;10812
137;10739
138;10731
139;10676
140;10676
141;10531
142;10531
143;10417
144;10354
145;10354
146;10354
147;10292
148;10086
149;10086
150;10073
151;10073
152;10001
153;9900
154;9900
155;9795
156;9795
157;9795
158;9746
159;9746
160;9594
161;9594
162;9410
163;9410
164;9352
165;9136
166;9136
167;9136
168;9136
169;9136
170;9050
171;9050
172;9050
173;9050
174;9050
175;9050
176;9002
177;8955
178;8892
179;8892
180;8821
181;8556
182;8556
183;8556
184;8556
185;8556
186;8556
187;8546
188;8393
189;8393
190;8393
191;8390
192;8322
193;8322
194;8322
195;8264
196;8264
197;8264
198;8181
199;8181
200;8181
201;8150
202;8145
203;8041
204;8041
205;7993
206;7979
207;7933
208;7933
209;7898
210;7860
211;7843
212;7823
213;7823
214;7782
215;7750
216;7737
217;7635
218;7635
219;7635
220;7608
221;7581
222;7519
223;7510
224;7505
225;7477
226;7452
227;7406
228;7390
229;7341
230;7341
231;7287
232;7287
233;7287
234;7241
235;7211
236;7211
237;7211
238;7187
239;7142
240;7142
241;7095
242;7095
243;7059
244;7054
245;7007
246;6959
247;6959
248;6959
249;6959
250;6912
251;6912
252;6883
253;6849
254;6846
255;6797
256;6777
257;6777
258;6743
259;6743
260;6707
261;6702
262;6696
263;6637
264;6637
265;6632
266;6618
267;6572
268;6572
269;6559
270;6536
271;6482
272;6482
273;6466
274;6457
275;6457
276;6457
277;6409
278;6409
279;6373
280;6365
281;6356
282;6344
283;6343
284;6313
285;6299
286;6287
287;6255
288;6244
289;6244
290;6239
291;6216
292;6193
293;6170
294;6170
295;6161
296;6134
297;6118
298;6095
299;6090
300;6052
301;6052
302;6046
303;6031
304;5972
305;5972
306;5972
307;5933
308;5915
309;5904
310;5884
311;5881
312;5862
313;5862
314;5846
315;5831
316;5831
317;5812
318;5812
319;5796
320;5795
321;5766
322;5766
323;5745
324;5745
325;5733
326;5727
327;5693
328;5693
329;5692
330;5677
331;5664
332;5660
333;5648
334;5627
335;5619
336;5585
337;5585
338;5585
339;5585
340;5585
341;5585
342;5582
343;5551
344;5551
345;5542
346;5535
347;5530
348;5525
349;5520
350;5515
351;5515
352;5515
353;5501
354;5501
355;5484
356;5479
357;5472
358;5455
359;5431
360;5416
361;5416
362;5407
363;5400
364;5362
365;5360
366;5328
367;5328
368;5328
369;5328
370;5323
371;5323
372;5292
373;5282
374;5282
375;5282
376;5282
377;5277
378;5277
379;5277
380;5275
381;5275
382;5261
383;5257
384;5255
385;5232
386;5232
387;5217
388;5208
389;5195
390;5174
391;5174
392;5174
393;5174
394;5174
395;5174
396;5174
397;5168
398;5143
399;5143
400;5129
401;5129
402;5129
403;5129
404;5084
405;5084
406;5084
407;5046
408;5046
409;5040
410;5025
411;5002
412;4963
413;4963
414;4957
415;4943
416;4943
417;4943
418;4943
419;4929
420;4923
421;4909
422;4909
423;4909
424;4909
425;4909
426;4909
427;4909
428;4909
429;4909
430;4909
431;4909
432;4909
433;4909
434;4909
435;4909
436;4889
437;4889
438;4889
439;4889
440;4889
441;4879
442;4879
443;4879
444;4879
445;4879
446;4879
447;4879
448;4879
449;4876
450;4876
451;4876
452;4876
453;4865
454;4865
455;4865
456;4865
457;4865
458;4865
459;4865
460;4865
461;4819
462;4819
463;4819
464;4819
465;4819
466;4819
467;4819
468;4819
469;4819
470;4805
471;4805
472;4805
473;4805
474;4805
475;4805
476;4805
477;4805
478;4805
479;4803
480;4803
481;4803
482;4803
483;4803
484;4803
485;4802
486;4802
487;4802
488;4802
489;4732
490;4732
491;4731
492;4731
493;4731
494;4731
495;4731
496;4731
497;4712
498;4712
499;4712
500;4712
501;4712
502;4712
503;4712
504;4712
505;4712
506;4712
507;4712
508;4712
509;4712
510;4712
511;4712
512;4711
513;4711
514;4711
515;4711
516;4701
517;4701
518;4701
519;4699
520;4669
521;4669
522;4669
523;4669
524;4657
525;4657
526;4657
527;4657
528;4657
529;4657
530;4657
531;4657
532;4657
533;4657
534;4657
535;4657
536;4657
537;4657
538;4657
539;4657
540;4657
541;4657
542;4657
543;4657
544;4657
545;4657
546;4657
547;4657
548;4657
549;4657
550;4657
551;4657
552;4657
553;4657
554;4657
555;4657
556;4657
557;4657
558;4657
559;4657
560;4657
561;4657
562;4657
563;4657
564;4657
565;4657
566;4657
567;4637
568;4637
569;4637
570;4637
571;4637
572;4637
573;4637
574;4637
575;4637
576;4637
577;4637
578;4637
579;4637
580;4637
581;4637
582;4637
583;4637
584;4637
585;4637
586;4637
587;4637
588;4637
589;4637
590;4637
591;4637
592;4637
593;4637
594;4637
595;4637
596;4637
597;4637
598;4637
599;4637
600;4637
601;4637
602;4637
603;4637
604;4637
605;4637
606;4637
607;4637
608;4637
609;4637
610;4637
611;4637
612;4637
613;4637
614;4637
615;4637
616;4637
617;4637
618;4637
619;4637
620;4637
621;4637
622;4637
623;4637
624;4637
625;4637
626;4637
627;4637
628;4637
629;4637
630;4637
631;4637
632;4637
633;4637
634;4618
635;4618
636;4618
637;4618
638;4618
639;4618
640;4618
641;4618
642;4618
643;4618
644;4618
645;4618
646;4616
647;4616
648;4616
649;4576
650;4576
651;4576
652;4576
653;4576
654;4576
655;4576
656;4576
657;4576
658;4576
659;4576
660;4576
661;4576
662;4576
663;4576
664;4576
665;4576
666;4576
667;4576
668;4576
669;4576
670;4576
671;4576
672;4576
673;4576
674;4576
675;4576
676;4576
677;4576
678;4576
679;4576
680;4576
681;4576
682;4576
683;4576
684;4576
685;4576
686;4576
687;4576
688;4576
689;4576
690;4576
691;4576
692;4576
693;4576
694;4576
695;4576
696;4576
697;4576
698;4576
699;4576
700;4576
701;4576
702;4576
703;4576
704;4576
705;4576
706;4576
707;4576
708;4576
709;4576
710;4576
711;4576
712;4576
713;4576
714;4576
715;4576
716;4576
717;4576
718;4576
719;4576
720;4576
721;4576
722;4576
723;4576
724;4576
725;4576
726;4576
727;4576
728;4576
729;4576
730;4576
731;4576
732;4576
733;4576
734;4576
735;4576
736;4576
737;4576
738;4576
739;4576
740;4576
741;4574
742;4574
743;4574
744;4574
745;4574
746;4558
747;4558
748;4558
749;4558
750;4558
751;4558
752;4558
753;4558
754;4558
755;4558
756;4558
757;4558
758;4558
759;4558
760;4558
761;4558
762;4558
763;4558
764;4558
765;4558
766;4558
767;4558
768;4558
769;4558
770;4558
771;4558
772;4558
773;4558
774;4558
775;4558
776;4558
777;4558
778;4558
779;4558
780;4558
781;4558
782;4558
783;4558
784;4558
785;4558
786;4558
787;4558
788;4558
789;4558
790;4558
791;4558
792;4558
793;4558
794;4558
795;4558
796;4558
797;4558
798;4558
799;4558
800;4558
801;4558
802;4558
803;4558
804;4558
805;4558
806;4558
807;4558
808;4558
809;4558
810;4558
811;4558
812;4558
813;4558
814;4558
815;4558
816;4558
817;4558
818;4558
819;4558
820;4558
821;4558
822;4558
823;4558
824;4558
825;4558
826;4558
827;4558
828;4558
829;4558
830;4558
831;4558
832;4558
833;4558
834;4558
835;4558
836;4558
837;4558
838;4558
839;4558
840;4558
841;4558
842;4558
843;4558
844;4558
845;4558
846;4558
847;4558
848;4558
849;4558
850;4558
851;4558
852;4558
853;4558
854;4558
855;4558
856;4558
857;4558
858;4558
859;4558
860;4558
861;4558
862;4558
863;4558
864;4558
865;4558
866;4558
867;4558
868;4558
869;4558
870;4558
871;4558
872;4558
873;4558
874;4558
875;4558
876;4558
877;4558
878;4558
879;4558
880;4558
881;4558
882;4558
883;4558
884;4558
885;4558
886;4558
887;4558
888;4558
889;4558
890;4558
891;4558
892;4558
893;4558
894;4558
895;4558
896;4558
897;4558
898;4558
899;4558
900;4558
901;4558
902;4558
903;4558
904;4558
905;4558
906;4558
907;4558
908;4558
909;4558
910;4558
911;4558
912;4558
913;4558
914;4558
915;4558
916;4558
917;4558
918;4558
919;4558
920;4558
921;4558
922;4558
923;4558
924;4558
925;4558
926;4558
927;4558
928;4558
929;4558
930;4558
931;4558
932;4558
933;4558
934;4558
935;4558
936;4558
937;4558
938;4558
939;4558
940;4558
941;4558
942;4558
943;4558
944;4558
945;4558
946;4558
947;4558
948;4558
949;4558
950;4558
951;4558
952;4558
953;4558
954;4558
955;4558
956;4558
957;4558
958;4558
959;4558
960;4558
961;4558
962;4558
963;4558
964;4558
965;4558
966;4558
967;4558
968;4558
969;4558
970;4558
971;4558
972;4558
973;4558
974;4558
975;4558
976;4558
977;4558
978;4558
979;4558
980;4558
981;4558
982;4558
983;4558
984;4558
985;4558
986;4558
987;4558
988;4558
989;4558
990;4558
991;4558
992;4558
993;4558
994;4558
995;4558
996;4558
997;4558
998;4558
999;4558
1000;4558
1001;4558
1002;4558
1003;4558
1004;4558
1005;4558
1006;4558
1007;4558
1008;4558
1009;4558
1010;4558
1011;4558
1012;4558
1013;4558
1014;4558
1015;4558
1016;4558
1017;4558
1018;4558
1019;4558
1020;4558
1021;4558
1022;4558
1023;4558
1024;4558
1025;4558
1026;4558
1027;4558
1028;4558
1029;4558
1030;4558
1031;4558
1032;4558
1033;4558
1034;4558
1035;4558
1036;4558
1037;4558
1038;4558
1039;4558
1040;4558
1041;4558
1042;4558
1043;4558
1044;4558
1045;4558
1046;4558
1047;4558
1048;4558
1049;4558
1050;4558
1051;4558
1052;4558
1053;4558
1054;4558
1055;4558
1056;4558
1057;4558
1058;4558
1059;4558
1060;4558
1061;4558
1062;4558
1063;4558
1064;4558
1065;4558
1066;4558
1067;4558
1068;4558
1069;4558
1070;4558
1071;4558
1072;4558
1073;4558
1074;4558
1075;4558
1076;4558
1077;4558
1078;4558
1079;4558
1080;4558
1081;4558
1082;4558
1083;4558
1084;4558
1085;4558
1086;4558
1087;4558
1088;4558
1089;4558
1090;4558
1091;4558
1092;4558
1093;4558
1094;4558
1095;4558
1096;4558
1097;4558
1098;4558
1099;4558
1100;4558
1101;4558
1102;4558
1103;4558
1104;4558
1105;4558
1106;4558
1107;4558
1108;4558
1109;4558
1110;4558
1111;4558
1112;4558
1113;4558
1114;4558
1115;4558
1116;4558
1117;4558
1118;4558
1119;4558
1120;4558
1121;4558
1122;4558
1123;4558
1124;4558
1125;4558
1126;4558
1127;4558
1128;4558
1129;4558
1130;4558
1131;4558
1132;4558
1133;4558
1134;4558
1135;4558
1136;4558
1137;4558
1138;4558
1139;4558
1140;4558
1141;4558
1142;4558
1143;4558
1144;4558
1145;4558
1146;4558
1147;4558
1148;4558
1149;4558
1150;4558
1151;4558
1152;4558
1153;4558
1154;4558
1155;4558
1156;4558
1157;4558
1158;4558
1159;4558
1160;4558
1161;4558
1162;4558
1163;4558
1164;4558
1165;4558
1166;4558
1167;4558
1168;4558
1169;4558
1170;4558
1171;4558
1172;4558
1173;4558
1174;4558
1175;4558
1176;4558
1177;4558
1178;4558
1179;4558
1180;4558
1181;4558
1182;4558
1183;4558
1184;4558
1185;4558
1186;4558
1187;4558
1188;4558
1189;4558
1190;4558
1191;4558
1192;4558
1193;4558
1194;4558
1195;4558
1196;4558
1197;4558
1198;4558
1199;4558
1200;4558
1201;4558
1202;4558
1203;4558
1204;4558
1205;4558
1206;4558
1207;4558
1208;4558
1209;4558
1210;4558
1211;4558
1212;4558
1213;4558
1214;4558
1215;4558
1216;4558
1217;4558
1218;4558
1219;4558
1220;4558
1221;4558
1222;4558
1223;4558
1224;4558
1225;4558
1226;4558
1227;4558
1228;4558
1229;4558
1230;4558
1231;4558
1232;4558
1233;4558
1234;4558
1235;4558
1236;4558
1237;4558
1238;4558
1239;4558
1240;4558
1241;4558
1242;4558
1243;4558
1244;4558
1245;4558
1246;4558
1247;4558
1248;4558
1249;4558
1250;4558
1251;4558
1252;4558
1253;4558
1254;4558
1255;4558
1256;4558
1257;4558
1258;4558
1259;4558
1260;4558
1261;4558
1262;4558
1263;4558
1264;4558
1265;4558
1266;4558
1267;4558
1268;4558
1269;4558
1270;4558
1271;4558
1272;4558
1273;4558
1274;4558
1275;4558
1276;4558
1277;4558
1278;4558
1279;4558
1280;4558
1281;4558
1282;4558
1283;4558
1284;4558
1285;4558
1286;4558
1287;4558
1288;4558
1289;4558
1290;4558
1291;4558
1292;4558
1293;4558
1294;4558
1295;4558
1296;4558
1297;4558
1298;4558
1299;4558
1300;4558
1301;4558
1302;4558
1303;4558
1304;4558
1305;4558
1306;4558
1307;4558
1308;4558
1309;4558
1310;4558
1311;4558
1312;4558
1313;4558
1314;4558
1315;4558
1316;4558
1317;4558
1318;4558
1319;4558
1320;4558
1321;4558
1322;4558
1323;4558
1324;4558
1325;4558
1326;4558
1327;4558
1328;4558
1329;4558
1330;4558
1331;4558
1332;4558
1333;4558
1334;4558
1335;4558
1336;4558
1337;4558
1338;4558
1339;4558
1340;4558
1341;4558
1342;4558
1343;4558
1344;4558
1345;4558
1346;4558
1347;4558
1348;4558
1349;4558
1350;4558
1351;4558
1352;4558
1353;4558
1354;4558
1355;4558
1356;4558
1357;4558
1358;4558
1359;4558
1360;4558
1361;4558
1362;4558
1363;4558
1364;4558
1365;4558
1366;4558
1367;4558
1368;4558
1369;4558
1370;4558
1371;4558
1372;4558
1373;4558
1374;4558
1375;4558
1376;4558
1377;4558
1378;4558
1379;4558
1380;4558
1381;4558
1382;4558
1383;4558
1384;4558
1385;4558
1386;4558
1387;4558
1388;4558
1389;4558
1390;4558
1391;4558
1392;4558
1393;4558
1394;4558
1395;4558
1396;4558
1397;4558
1398;4558
1399;4558
1400;4558
1401;4558
1402;4558
1403;4558
1404;4558
1405;4558
1406;4558
1407;4558
1408;4558
1409;4558
1410;4558
1411;4558
1412;4558
1413;4558
1414;4558
1415;4558
1416;4558
1417;4558
1418;4558
1419;4558
1420;4558
1421;4558
1422;4558
1423;4558
1424;4558
1425;4558
1426;4558
1427;4558
1428;4558
1429;4558
1430;4558
1431;4558
1432;4558
1433;4558
1434;4558
1435;4558
1436;4558
1437;4558
1438;4558
1439;4558
1440;4558
1441;4558
1442;4558
1443;4558
1444;4558
1445;4558
1446;4558
1447;4558
1448;4558
1449;4558
1450;4558
1451;4558
1452;4558
1453;4558
1454;4558
1455;4558
1456;4558
1457;4558
1458;4558
1459;4558
1460;4558
1461;4558
1462;4558
1463;4558
1464;4558
1465;4558
1466;4558
1467;4558
1468;4558
1469;4558
1470;4558
1471;4558
1472;4558
1473;4558
1474;4558
1475;4558
1476;4558
1477;4558
1478;4558
1479;4558
1480;4558
1481;4558
1482;4558
1483;4558
1484;4558
1485;4558
1486;4558
1487;4558
1488;4558
1489;4558
1490;4558
1491;4558
1492;4558
1493;4558
1494;4558
1495;4558
1496;4558
1497;4558
1498;4558
1499;4558
1500;4558
1501;4558
1502;4558
1503;4558
1504;4558
1505;4558
1506;4558
1507;4558
1508;4558
1509;4558
1510;4558
1511;4558
1512;4558
1513;4558
1514;4558
1515;4558
1516;4558
1517;4558
1518;4558
1519;4558
1520;4558
1521;4558
1522;4558
1523;4558
1524;4558
1525;4558
1526;4558
1527;4558
1528;4558
1529;4558
1530;4558
1531;4558
1532;4558
1533;4558
1534;4558
1535;4558
1536;4558
1537;4558
1538;4558
1539;4558
1540;4558
1541;4558
1542;4558
1543;4558
1544;4558
1545;4558
1546;4558
1547;4558
1548;4558
1549;4558
1550;4558
1551;4558
1552;4558
1553;4558
1554;4558
1555;4558
1556;4558
1557;4558
1558;4558
1559;4558
1560;4558
1561;4558
1562;4558
1563;4558
1564;4558
1565;4558
1566;4558
1567;4558
1568;4558
1569;4558
1570;4558
1571;4558
1572;4558
1573;4558
1574;4558
1575;4558
1576;4558
1577;4558
1578;4558
1579;4558
1580;4558
1581;4558
1582;4558
1583;4558
1584;4558
1585;4558
1586;4558
1587;4558
1588;4558
1589;4558
1590;4558
1591;4558
1592;4558
1593;4558
1594;4558
1595;4558
1596;4558
1597;4558
1598;4558
1599;4558
1600;4558
1601;4558
1602;4558
1603;4558
1604;4558
1605;4558
1606;4558
1607;4558
1608;4558
1609;4558
1610;4558
1611;4558
1612;4558
1613;4558
1614;4558
1615;4558
1616;4558
1617;4558
1618;4558
1619;4558
1620;4558
1621;4558
1622;4558
1623;4558
1624;4558
1625;4558
1626;4558
1627;4558
1628;4558
1629;4558
1630;4558
1631;4558
1632;4558
1633;4558
1634;4558
1635;4558
1636;4558
1637;4558
1638;4558
1639;4558
1640;4558
1641;4558
1642;4558
1643;4558
1644;4558
1645;4558
1646;4558
1647;4558
1648;4558
1649;4558
1650;4558
1651;4558
1652;4558
1653;4558
1654;4558
1655;4558
1656;4558
1657;4558
1658;4558
1659;4558
1660;4558
1661;4558
1662;4558
1663;4558
1664;4558
1665;4558
1666;4558
1667;4558
1668;4558
1669;4558
1670;4558
1671;4558
1672;4558
1673;4558
1674;4558
1675;4558
1676;4558
1677;4558
1678;4558
1679;4558
1680;4558
1681;4558
1682;4558
1683;4558
1684;4558
1685;4558
1686;4558
1687;4558
1688;4558
1689;4558
1690;4558
1691;4558
1692;4558
1693;4558
1694;4558
1695;4558
1696;4558
1697;4558
1698;4558
1699;4558
1700;4558
1701;4558
1702;4558
1703;4558
1704;4558
1705;4558
1706;4558
1707;4558
1708;4558
1709;4558
1710;4558
1711;4558
1712;4558
1713;4558
1714;4558
1715;4558
1716;4558
1717;4558
1718;4558
1719;4558
1720;4558
1721;4558
1722;4558
1723;4558
1724;4558
1725;4558
1726;4558
1727;4558
1728;4558
1729;4558
1730;4558
1731;4558
1732;4558
1733;4558
1734;4558
1735;4558
1736;4558
1737;4558
1738;4558
1739;4558
1740;4558
1741;4558
1742;4558
1743;4558
1744;4558
1745;4558
1746;4558
1747;4558
1748;4558
1749;4558
1750;4558
1751;4558
1752;4558
1753;4558
1754;4558
1755;4558
1756;4558
1757;4558
1758;4558
1759;4558
1760;4558
1761;4558
1762;4558
1763;4558
1764;4558
1765;4558
1766;4558
1767;4558
1768;4558
1769;4558
1770;4558
1771;4558
1772;4558
1773;4558
1774;4558
1775;4558
1776;4558
1777;4558
1778;4558
1779;4558
1780;4558
1781;4558
1782;4558
1783;4558
1784;4558
1785;4558
1786;4558
1787;4558
1788;4558
1789;4558
1790;4558
1791;4558
1792;4558
1793;4558
1794;4558
1795;4558
1796;4558
1797;4558
1798;4558
1799;4558
1800;4558
1801;4558
1802;4558
1803;4558
1804;4558
1805;4558
1806;4558
1807;4558
1808;4558
1809;4558
1810;4558
1811;4558
1812;4558
1813;4558
1814;4558
1815;4558
1816;4558
1817;4558
1818;4558
1819;4558
1820;4558
1821;4558
1822;4558
1823;4558
1824;4558
1825;4558
1826;4558
1827;4558
1828;4558
1829;4558
1830;4558
1831;4558
1832;4558
1833;4558
1834;4558
1835;4558
1836;4558
1837;4558
1838;4558
1839;4558
1840;4558
1841;4558
1842;4558
1843;4558
1844;4558
1845;4558
1846;4558
1847;4558
1848;4558
1849;4558
1850;4558
1851;4558
1852;4558
1853;4558
1854;4558
1855;4558
1856;4558
1857;4558
1858;4558
1859;4558
1860;4558
1861;4558
1862;4558
1863;4558
1864;4558
1865;4558
1866;4558
1867;4558
1868;4558
1869;4558
1870;4558
1871;4558
1872;4558
1873;4558
1874;4558
1875;4558
1876;4558
1877;4558
1878;4558
1879;4558
1880;4558
1881;4558
1882;4558
1883;4558
1884;4558
1885;4558
1886;4558
1887;4558
1888;4558
1889;4558
1890;4558
1891;4558
1892;4558
1893;4558
1894;4558
1895;4558
1896;4558
1897;4558
1898;4558
1899;4558
1900;4558
1901;4558
1902;4558
1903;4558
1904;4558
1905;4558
1906;4558
1907;4558
1908;4558
1909;4558
1910;4558
1911;4558
1912;4558
1913;4558
1914;4558
1915;4558
1916;4558
1917;4558
1918;4558
1919;4558
1920;4558
1921;4558
1922;4558
1923;4558
1924;4558
1925;4558
1926;4558
1927;4558
1928;4558
1929;4558
1930;4558
1931;4558
1932;4558
1933;4558
1934;4558
1935;4558
1936;4558
1937;4558
1938;4558
1939;4558
1940;4558
1941;4558
1942;4558
1943;4558
1944;4558
1945;4558
1946;4558
1947;4558
1948;4558
1949;4558
1950;4558
1951;4558
1952;4558
1953;4558
1954;4558
1955;4558
1956;4558
1957;4558
1958;4558
1959;4558
1960;4558
1961;4558
1962;4558
1963;4558
1964;4558
1965;4558
1966;4558
1967;4558
1968;4558
1969;4558
1970;4558
1971;4558
1972;4558
1973;4558
1974;4558
1975;4558
1976;4558
1977;4558
1978;4558
1979;4558
1980;4558
1981;4558
1982;4558
1983;4558
1984;4558
1985;4558
1986;4558
1987;4558
1988;4558
1989;4558
1990;4558
1991;4558
1992;4558
1993;4558
1994;4558
1995;4558
1996;4558
1997;4558
1998;4558
1999;4558
2000;4558
