generacja;koszt_scierzki
1;7215
2;7136
3;6982
4;6982
5;6959
6;6957
7;6883
8;6803
9;6795
10;6742
11;6742
12;6650
13;6604
14;6578
15;6578
16;6556
17;6549
18;6400
19;6400
20;6374
21;6374
22;6327
23;6302
24;6302
25;6267
26;6239
27;6186
28;6142
29;6121
30;6121
31;6065
32;6065
33;6024
34;6018
35;6000
36;5998
37;5965
38;5965
39;5965
40;5931
41;5901
42;5901
43;5901
44;5886
45;5850
46;5846
47;5803
48;5803
49;5803
50;5786
51;5764
52;5764
53;5723
54;5723
55;5720
56;5686
57;5686
58;5686
59;5640
60;5639
61;5601
62;5598
63;5573
64;5571
65;5544
66;5535
67;5526
68;5464
69;5464
70;5454
71;5450
72;5438
73;5410
74;5410
75;5393
76;5393
77;5374
78;5355
79;5346
80;5315
81;5287
82;5287
83;5287
84;5287
85;5228
86;5228
87;5228
88;5228
89;5228
90;5228
91;5183
92;5183
93;5183
94;5183
95;5183
96;5182
97;5142
98;5142
99;5140
100;5131
101;5131
102;5094
103;5094
104;5094
105;5027
106;5027
107;5027
108;5024
109;5002
110;5002
111;4982
112;4982
113;4962
114;4962
115;4949
116;4924
117;4924
118;4912
119;4912
120;4895
121;4895
122;4895
123;4891
124;4862
125;4862
126;4852
127;4843
128;4843
129;4832
130;4813
131;4813
132;4813
133;4806
134;4806
135;4806
136;4806
137;4806
138;4805
139;4801
140;4801
141;4766
142;4766
143;4766
144;4766
145;4766
146;4766
147;4761
148;4761
149;4761
150;4729
151;4729
152;4729
153;4729
154;4714
155;4707
156;4695
157;4687
158;4673
159;4668
160;4668
161;4668
162;4645
163;4642
164;4611
165;4611
166;4611
167;4611
168;4596
169;4596
170;4594
171;4594
172;4589
173;4589
174;4572
175;4572
176;4570
177;4570
178;4570
179;4551
180;4546
181;4546
182;4537
183;4537
184;4537
185;4529
186;4529
187;4518
188;4518
189;4518
190;4518
191;4509
192;4497
193;4489
194;4489
195;4478
196;4468
197;4468
198;4460
199;4453
200;4453
201;4453
202;4453
203;4453
204;4453
205;4453
206;4453
207;4453
208;4432
209;4416
210;4411
211;4411
212;4411
213;4411
214;4411
215;4402
216;4395
217;4395
218;4376
219;4376
220;4370
221;4370
222;4365
223;4364
224;4364
225;4364
226;4364
227;4347
228;4308
229;4308
230;4308
231;4308
232;4308
233;4308
234;4308
235;4305
236;4296
237;4296
238;4296
239;4296
240;4279
241;4261
242;4261
243;4261
244;4261
245;4261
246;4256
247;4256
248;4246
249;4243
250;4243
251;4243
252;4241
253;4239
254;4227
255;4227
256;4227
257;4220
258;4220
259;4216
260;4216
261;4216
262;4208
263;4206
264;4206
265;4181
266;4180
267;4180
268;4180
269;4172
270;4172
271;4169
272;4169
273;4166
274;4161
275;4156
276;4140
277;4140
278;4140
279;4140
280;4139
281;4126
282;4126
283;4126
284;4126
285;4125
286;4119
287;4117
288;4105
289;4101
290;4099
291;4096
292;4096
293;4095
294;4091
295;4085
296;4085
297;4072
298;4072
299;4072
300;4070
301;4070
302;4070
303;4067
304;4067
305;4067
306;4063
307;4048
308;4048
309;4048
310;4048
311;4043
312;4041
313;4041
314;4041
315;4038
316;4025
317;4025
318;4025
319;4025
320;4025
321;4025
322;4011
323;4011
324;4007
325;4007
326;4001
327;4001
328;3982
329;3982
330;3982
331;3982
332;3982
333;3982
334;3982
335;3982
336;3973
337;3973
338;3973
339;3972
340;3967
341;3967
342;3959
343;3959
344;3957
345;3948
346;3946
347;3943
348;3943
349;3938
350;3934
351;3934
352;3934
353;3933
354;3916
355;3910
356;3910
357;3895
358;3888
359;3888
360;3888
361;3888
362;3888
363;3888
364;3888
365;3888
366;3888
367;3888
368;3881
369;3881
370;3881
371;3876
372;3862
373;3862
374;3860
375;3852
376;3852
377;3852
378;3848
379;3848
380;3847
381;3832
382;3832
383;3832
384;3832
385;3832
386;3832
387;3832
388;3832
389;3832
390;3832
391;3826
392;3821
393;3816
394;3816
395;3816
396;3816
397;3813
398;3813
399;3813
400;3793
401;3793
402;3792
403;3792
404;3792
405;3792
406;3792
407;3792
408;3792
409;3786
410;3786
411;3783
412;3783
413;3783
414;3781
415;3774
416;3774
417;3756
418;3750
419;3750
420;3750
421;3750
422;3750
423;3750
424;3750
425;3750
426;3750
427;3750
428;3746
429;3746
430;3746
431;3746
432;3746
433;3742
434;3742
435;3736
436;3731
437;3731
438;3731
439;3730
440;3728
441;3728
442;3711
443;3711
444;3711
445;3711
446;3709
447;3709
448;3709
449;3709
450;3709
451;3709
452;3704
453;3704
454;3704
455;3704
456;3701
457;3701
458;3701
459;3698
460;3698
461;3698
462;3698
463;3693
464;3693
465;3693
466;3693
467;3686
468;3686
469;3686
470;3683
471;3666
472;3666
473;3666
474;3666
475;3666
476;3666
477;3666
478;3665
479;3665
480;3665
481;3665
482;3665
483;3648
484;3648
485;3648
486;3648
487;3648
488;3648
489;3648
490;3648
491;3648
492;3648
493;3633
494;3633
495;3633
496;3633
497;3633
498;3633
499;3633
500;3633
501;3633
502;3633
503;3633
504;3633
505;3633
506;3633
507;3633
508;3633
509;3633
510;3627
511;3627
512;3627
513;3627
514;3627
515;3627
516;3626
517;3625
518;3625
519;3625
520;3625
521;3624
522;3624
523;3624
524;3624
525;3623
526;3619
527;3619
528;3617
529;3617
530;3617
531;3617
532;3617
533;3615
534;3614
535;3613
536;3610
537;3610
538;3610
539;3599
540;3599
541;3599
542;3599
543;3599
544;3599
545;3599
546;3599
547;3599
548;3599
549;3599
550;3599
551;3599
552;3599
553;3598
554;3598
555;3598
556;3598
557;3593
558;3593
559;3593
560;3593
561;3590
562;3586
563;3586
564;3585
565;3585
566;3582
567;3582
568;3582
569;3579
570;3579
571;3575
572;3575
573;3571
574;3571
575;3571
576;3571
577;3571
578;3571
579;3571
580;3571
581;3571
582;3571
583;3571
584;3571
585;3571
586;3571
587;3571
588;3571
589;3571
590;3571
591;3571
592;3560
593;3560
594;3557
595;3557
596;3556
597;3556
598;3556
599;3556
600;3556
601;3556
602;3556
603;3553
604;3550
605;3550
606;3550
607;3550
608;3550
609;3550
610;3550
611;3548
612;3548
613;3548
614;3543
615;3543
616;3543
617;3543
618;3536
619;3536
620;3536
621;3527
622;3527
623;3527
624;3527
625;3527
626;3526
627;3522
628;3522
629;3522
630;3520
631;3520
632;3519
633;3514
634;3511
635;3511
636;3509
637;3509
638;3484
639;3484
640;3484
641;3484
642;3484
643;3484
644;3484
645;3484
646;3484
647;3484
648;3484
649;3484
650;3484
651;3484
652;3484
653;3484
654;3484
655;3484
656;3484
657;3484
658;3484
659;3484
660;3477
661;3477
662;3477
663;3474
664;3474
665;3474
666;3471
667;3471
668;3471
669;3471
670;3471
671;3471
672;3465
673;3465
674;3465
675;3465
676;3465
677;3465
678;3458
679;3458
680;3455
681;3450
682;3447
683;3447
684;3447
685;3447
686;3438
687;3438
688;3438
689;3438
690;3438
691;3438
692;3438
693;3438
694;3438
695;3434
696;3432
697;3432
698;3431
699;3431
700;3431
701;3431
702;3430
703;3430
704;3430
705;3425
706;3417
707;3417
708;3417
709;3417
710;3417
711;3417
712;3417
713;3417
714;3417
715;3417
716;3417
717;3414
718;3412
719;3412
720;3411
721;3411
722;3411
723;3411
724;3411
725;3411
726;3409
727;3409
728;3409
729;3409
730;3404
731;3404
732;3404
733;3398
734;3397
735;3397
736;3397
737;3397
738;3397
739;3397
740;3397
741;3397
742;3397
743;3386
744;3386
745;3386
746;3386
747;3386
748;3386
749;3386
750;3385
751;3379
752;3379
753;3379
754;3379
755;3379
756;3379
757;3379
758;3379
759;3367
760;3367
761;3367
762;3367
763;3363
764;3363
765;3363
766;3363
767;3363
768;3363
769;3363
770;3354
771;3354
772;3354
773;3351
774;3351
775;3349
776;3349
777;3349
778;3346
779;3346
780;3346
781;3346
782;3346
783;3339
784;3339
785;3339
786;3339
787;3339
788;3339
789;3339
790;3334
791;3334
792;3331
793;3331
794;3331
795;3331
796;3330
797;3330
798;3330
799;3330
800;3330
801;3330
802;3330
803;3327
804;3327
805;3326
806;3324
807;3324
808;3315
809;3315
810;3315
811;3315
812;3315
813;3315
814;3315
815;3315
816;3315
817;3314
818;3314
819;3314
820;3314
821;3314
822;3311
823;3305
824;3305
825;3305
826;3305
827;3299
828;3299
829;3297
830;3297
831;3297
832;3289
833;3289
834;3289
835;3289
836;3289
837;3288
838;3288
839;3285
840;3285
841;3285
842;3285
843;3285
844;3285
845;3285
846;3284
847;3279
848;3279
849;3279
850;3279
851;3278
852;3275
853;3275
854;3275
855;3275
856;3270
857;3270
858;3267
859;3267
860;3267
861;3267
862;3267
863;3267
864;3267
865;3267
866;3260
867;3260
868;3260
869;3260
870;3260
871;3260
872;3260
873;3260
874;3260
875;3254
876;3253
877;3253
878;3252
879;3252
880;3252
881;3252
882;3252
883;3251
884;3246
885;3246
886;3226
887;3226
888;3226
889;3226
890;3226
891;3226
892;3226
893;3226
894;3225
895;3225
896;3225
897;3225
898;3225
899;3225
900;3225
901;3225
902;3225
903;3220
904;3220
905;3220
906;3220
907;3220
908;3212
909;3210
910;3210
911;3207
912;3207
913;3200
914;3200
915;3200
916;3200
917;3200
918;3200
919;3200
920;3200
921;3199
922;3199
923;3199
924;3199
925;3195
926;3191
927;3191
928;3191
929;3191
930;3189
931;3189
932;3189
933;3189
934;3189
935;3189
936;3189
937;3189
938;3189
939;3189
940;3189
941;3188
942;3188
943;3188
944;3188
945;3188
946;3188
947;3188
948;3188
949;3188
950;3188
951;3179
952;3179
953;3179
954;3179
955;3179
956;3179
957;3179
958;3179
959;3179
960;3179
961;3179
962;3179
963;3179
964;3179
965;3179
966;3179
967;3172
968;3172
969;3172
970;3172
971;3172
972;3172
973;3172
974;3172
975;3172
976;3172
977;3172
978;3172
979;3172
980;3172
981;3172
982;3172
983;3160
984;3160
985;3160
986;3160
987;3160
988;3160
989;3160
990;3160
991;3160
992;3160
993;3160
994;3160
995;3160
996;3160
997;3160
998;3160
999;3160
1000;3160
1001;3160
1002;3160
1003;3160
1004;3160
1005;3160
1006;3160
1007;3160
1008;3160
1009;3160
1010;3160
1011;3160
1012;3160
1013;3160
1014;3160
1015;3160
1016;3160
1017;3159
1018;3159
1019;3159
1020;3159
1021;3159
1022;3159
1023;3159
1024;3159
1025;3159
1026;3158
1027;3156
1028;3154
1029;3154
1030;3154
1031;3153
1032;3153
1033;3153
1034;3145
1035;3144
1036;3144
1037;3144
1038;3144
1039;3141
1040;3141
1041;3129
1042;3129
1043;3129
1044;3129
1045;3129
1046;3129
1047;3124
1048;3124
1049;3124
1050;3124
1051;3120
1052;3120
1053;3120
1054;3120
1055;3117
1056;3117
1057;3113
1058;3113
1059;3113
1060;3113
1061;3113
1062;3113
1063;3113
1064;3113
1065;3109
1066;3106
1067;3106
1068;3106
1069;3106
1070;3106
1071;3106
1072;3106
1073;3106
1074;3106
1075;3106
1076;3106
1077;3106
1078;3106
1079;3101
1080;3101
1081;3101
1082;3101
1083;3101
1084;3101
1085;3101
1086;3101
1087;3095
1088;3095
1089;3090
1090;3090
1091;3090
1092;3088
1093;3088
1094;3088
1095;3088
1096;3088
1097;3088
1098;3087
1099;3084
1100;3084
1101;3084
1102;3084
1103;3078
1104;3078
1105;3078
1106;3077
1107;3077
1108;3074
1109;3071
1110;3070
1111;3070
1112;3070
1113;3070
1114;3070
1115;3070
1116;3070
1117;3069
1118;3069
1119;3068
1120;3068
1121;3068
1122;3068
1123;3065
1124;3061
1125;3058
1126;3054
1127;3054
1128;3054
1129;3054
1130;3054
1131;3054
1132;3054
1133;3054
1134;3054
1135;3054
1136;3054
1137;3052
1138;3052
1139;3052
1140;3051
1141;3051
1142;3050
1143;3049
1144;3049
1145;3049
1146;3049
1147;3049
1148;3049
1149;3049
1150;3044
1151;3044
1152;3044
1153;3044
1154;3043
1155;3043
1156;3043
1157;3043
1158;3039
1159;3039
1160;3039
1161;3039
1162;3039
1163;3039
1164;3033
1165;3033
1166;3033
1167;3033
1168;3033
1169;3033
1170;3033
1171;3033
1172;3033
1173;3033
1174;3033
1175;3033
1176;3029
1177;3029
1178;3027
1179;3027
1180;3027
1181;3027
1182;3027
1183;3021
1184;3020
1185;3020
1186;3020
1187;3020
1188;3016
1189;3016
1190;3016
1191;3014
1192;3014
1193;3013
1194;3013
1195;3013
1196;3013
1197;3011
1198;3008
1199;3006
1200;3006
1201;3006
1202;3006
1203;3002
1204;3002
1205;3001
1206;3001
1207;3000
1208;3000
1209;3000
1210;2999
1211;2998
1212;2998
1213;2996
1214;2994
1215;2994
1216;2994
1217;2990
1218;2990
1219;2988
1220;2983
1221;2983
1222;2983
1223;2983
1224;2983
1225;2981
1226;2981
1227;2981
1228;2980
1229;2980
1230;2980
1231;2980
1232;2980
1233;2979
1234;2979
1235;2979
1236;2979
1237;2979
1238;2976
1239;2976
1240;2976
1241;2976
1242;2976
1243;2976
1244;2976
1245;2976
1246;2976
1247;2976
1248;2976
1249;2976
1250;2976
1251;2976
1252;2976
1253;2973
1254;2973
1255;2973
1256;2973
1257;2973
1258;2973
1259;2973
1260;2973
1261;2973
1262;2973
1263;2971
1264;2969
1265;2969
1266;2960
1267;2960
1268;2960
1269;2960
1270;2960
1271;2960
1272;2960
1273;2960
1274;2960
1275;2960
1276;2960
1277;2958
1278;2958
1279;2958
1280;2958
1281;2956
1282;2956
1283;2956
1284;2956
1285;2953
1286;2953
1287;2953
1288;2953
1289;2953
1290;2953
1291;2953
1292;2949
1293;2947
1294;2947
1295;2947
1296;2947
1297;2947
1298;2947
1299;2947
1300;2947
1301;2947
1302;2947
1303;2946
1304;2946
1305;2946
1306;2946
1307;2946
1308;2946
1309;2946
1310;2946
1311;2946
1312;2946
1313;2946
1314;2940
1315;2940
1316;2940
1317;2940
1318;2940
1319;2940
1320;2940
1321;2940
1322;2940
1323;2940
1324;2940
1325;2940
1326;2940
1327;2940
1328;2940
1329;2940
1330;2940
1331;2940
1332;2940
1333;2940
1334;2940
1335;2940
1336;2940
1337;2939
1338;2939
1339;2939
1340;2939
1341;2934
1342;2934
1343;2934
1344;2934
1345;2934
1346;2934
1347;2934
1348;2934
1349;2934
1350;2934
1351;2934
1352;2934
1353;2934
1354;2934
1355;2934
1356;2934
1357;2934
1358;2934
1359;2934
1360;2934
1361;2934
1362;2934
1363;2934
1364;2934
1365;2934
1366;2934
1367;2934
1368;2934
1369;2934
1370;2934
1371;2934
1372;2926
1373;2926
1374;2926
1375;2926
1376;2926
1377;2926
1378;2926
1379;2926
1380;2926
1381;2926
1382;2926
1383;2926
1384;2926
1385;2926
1386;2926
1387;2926
1388;2926
1389;2924
1390;2924
1391;2924
1392;2924
1393;2924
1394;2924
1395;2923
1396;2923
1397;2923
1398;2923
1399;2920
1400;2920
1401;2920
1402;2920
1403;2920
1404;2920
1405;2920
1406;2919
1407;2918
1408;2911
1409;2910
1410;2910
1411;2910
1412;2910
1413;2910
1414;2910
1415;2910
1416;2910
1417;2910
1418;2910
1419;2910
1420;2910
1421;2910
1422;2910
1423;2910
1424;2909
1425;2909
1426;2909
1427;2909
1428;2909
1429;2905
1430;2904
1431;2904
1432;2904
1433;2904
1434;2904
1435;2904
1436;2904
1437;2904
1438;2904
1439;2904
1440;2904
1441;2903
1442;2903
1443;2901
1444;2901
1445;2901
1446;2895
1447;2895
1448;2895
1449;2895
1450;2895
1451;2895
1452;2895
1453;2895
1454;2895
1455;2895
1456;2895
1457;2895
1458;2895
1459;2895
1460;2895
1461;2895
1462;2895
1463;2895
1464;2895
1465;2895
1466;2895
1467;2895
1468;2895
1469;2895
1470;2895
1471;2895
1472;2894
1473;2894
1474;2894
1475;2894
1476;2894
1477;2894
1478;2894
1479;2894
1480;2894
1481;2894
1482;2894
1483;2894
1484;2894
1485;2894
1486;2894
1487;2894
1488;2894
1489;2893
1490;2893
1491;2893
1492;2893
1493;2892
1494;2892
1495;2892
1496;2892
1497;2892
1498;2892
1499;2891
1500;2887
1501;2887
1502;2883
1503;2883
1504;2883
1505;2883
1506;2883
1507;2883
1508;2883
1509;2881
1510;2879
1511;2879
1512;2879
1513;2874
1514;2874
1515;2874
1516;2865
1517;2865
1518;2865
1519;2865
1520;2865
1521;2865
1522;2865
1523;2865
1524;2862
1525;2862
1526;2862
1527;2862
1528;2862
1529;2862
1530;2862
1531;2862
1532;2857
1533;2855
1534;2855
1535;2855
1536;2854
1537;2853
1538;2853
1539;2853
1540;2853
1541;2853
1542;2853
1543;2852
1544;2852
1545;2852
1546;2852
1547;2852
1548;2852
1549;2851
1550;2851
1551;2851
1552;2851
1553;2851
1554;2851
1555;2851
1556;2851
1557;2851
1558;2851
1559;2851
1560;2851
1561;2851
1562;2851
1563;2844
1564;2844
1565;2844
1566;2844
1567;2844
1568;2844
1569;2844
1570;2844
1571;2844
1572;2844
1573;2844
1574;2843
1575;2843
1576;2843
1577;2843
1578;2841
1579;2841
1580;2840
1581;2840
1582;2840
1583;2840
1584;2840
1585;2840
1586;2840
1587;2840
1588;2840
1589;2840
1590;2840
1591;2840
1592;2840
1593;2839
1594;2839
1595;2839
1596;2839
1597;2839
1598;2839
1599;2839
1600;2839
1601;2839
1602;2839
1603;2839
1604;2839
1605;2839
1606;2839
1607;2839
1608;2839
1609;2838
1610;2832
1611;2832
1612;2832
1613;2832
1614;2832
1615;2832
1616;2832
1617;2832
1618;2832
1619;2832
1620;2832
1621;2832
1622;2832
1623;2832
1624;2832
1625;2832
1626;2832
1627;2832
1628;2832
1629;2832
1630;2832
1631;2832
1632;2832
1633;2832
1634;2832
1635;2832
1636;2832
1637;2832
1638;2832
1639;2832
1640;2832
1641;2832
1642;2832
1643;2832
1644;2831
1645;2831
1646;2831
1647;2831
1648;2830
1649;2830
1650;2830
1651;2826
1652;2826
1653;2826
1654;2819
1655;2819
1656;2819
1657;2819
1658;2819
1659;2819
1660;2819
1661;2819
1662;2819
1663;2819
1664;2819
1665;2819
1666;2819
1667;2819
1668;2819
1669;2819
1670;2819
1671;2819
1672;2819
1673;2819
1674;2819
1675;2819
1676;2819
1677;2819
1678;2819
1679;2819
1680;2819
1681;2813
1682;2813
1683;2813
1684;2813
1685;2813
1686;2813
1687;2813
1688;2813
1689;2813
1690;2813
1691;2813
1692;2813
1693;2813
1694;2813
1695;2813
1696;2813
1697;2813
1698;2813
1699;2813
1700;2813
1701;2813
1702;2813
1703;2813
1704;2813
1705;2813
1706;2813
1707;2813
1708;2813
1709;2813
1710;2813
1711;2813
1712;2813
1713;2813
1714;2813
1715;2813
1716;2813
1717;2813
1718;2813
1719;2813
1720;2813
1721;2813
1722;2813
1723;2813
1724;2813
1725;2813
1726;2811
1727;2811
1728;2811
1729;2811
1730;2811
1731;2811
1732;2811
1733;2811
1734;2811
1735;2811
1736;2811
1737;2811
1738;2811
1739;2811
1740;2811
1741;2801
1742;2801
1743;2801
1744;2801
1745;2801
1746;2801
1747;2801
1748;2798
1749;2791
1750;2791
1751;2791
1752;2791
1753;2791
1754;2791
1755;2791
1756;2791
1757;2784
1758;2784
1759;2784
1760;2782
1761;2782
1762;2782
1763;2782
1764;2782
1765;2782
1766;2782
1767;2782
1768;2782
1769;2782
1770;2777
1771;2777
1772;2777
1773;2777
1774;2777
1775;2777
1776;2777
1777;2777
1778;2777
1779;2777
1780;2777
1781;2777
1782;2777
1783;2777
1784;2777
1785;2777
1786;2777
1787;2771
1788;2771
1789;2771
1790;2771
1791;2771
1792;2771
1793;2771
1794;2771
1795;2771
1796;2771
1797;2771
1798;2765
1799;2765
1800;2763
1801;2763
1802;2763
1803;2763
1804;2763
1805;2763
1806;2763
1807;2763
1808;2763
1809;2763
1810;2763
1811;2763
1812;2763
1813;2763
1814;2760
1815;2760
1816;2760
1817;2760
1818;2760
1819;2760
1820;2760
1821;2760
1822;2760
1823;2759
1824;2759
1825;2759
1826;2759
1827;2759
1828;2759
1829;2759
1830;2759
1831;2759
1832;2759
1833;2759
1834;2759
1835;2759
1836;2759
1837;2759
1838;2759
1839;2759
1840;2759
1841;2759
1842;2759
1843;2759
1844;2759
1845;2759
1846;2759
1847;2759
1848;2759
1849;2758
1850;2758
1851;2758
1852;2758
1853;2758
1854;2758
1855;2757
1856;2757
1857;2757
1858;2757
1859;2757
1860;2757
1861;2757
1862;2757
1863;2757
1864;2757
1865;2757
1866;2757
1867;2757
1868;2757
1869;2757
1870;2757
1871;2757
1872;2757
1873;2757
1874;2753
1875;2753
1876;2753
1877;2753
1878;2753
1879;2753
1880;2753
1881;2753
1882;2753
1883;2753
1884;2753
1885;2753
1886;2753
1887;2753
1888;2753
1889;2753
1890;2753
1891;2750
1892;2750
1893;2750
1894;2750
1895;2750
1896;2750
1897;2750
1898;2750
1899;2750
1900;2750
1901;2750
1902;2750
1903;2750
1904;2750
1905;2746
1906;2746
1907;2746
1908;2746
1909;2746
1910;2746
1911;2746
1912;2746
1913;2746
1914;2746
1915;2746
1916;2746
1917;2746
1918;2746
1919;2746
1920;2745
1921;2745
1922;2745
1923;2745
1924;2745
1925;2745
1926;2745
1927;2745
1928;2745
1929;2742
1930;2742
1931;2742
1932;2742
1933;2742
1934;2742
1935;2742
1936;2742
1937;2742
1938;2742
1939;2742
1940;2742
1941;2742
1942;2742
1943;2742
1944;2742
1945;2742
1946;2742
1947;2742
1948;2742
1949;2739
1950;2739
1951;2739
1952;2739
1953;2739
1954;2739
1955;2735
1956;2735
1957;2734
1958;2734
1959;2734
1960;2734
1961;2734
1962;2734
1963;2734
1964;2734
1965;2734
1966;2734
1967;2734
1968;2734
1969;2734
1970;2734
1971;2734
1972;2734
1973;2734
1974;2734
1975;2734
1976;2734
1977;2733
1978;2733
1979;2733
1980;2733
1981;2733
1982;2733
1983;2733
1984;2733
1985;2733
1986;2733
1987;2732
1988;2731
1989;2731
1990;2730
1991;2730
1992;2730
1993;2730
1994;2730
1995;2730
1996;2728
1997;2728
1998;2728
1999;2728
2000;2728
