generacja;koszt_scierzki
1;7288
2;7121
3;7111
4;7048
5;7016
6;6974
7;6909
8;6848
9;6790
10;6700
11;6694
12;6613
13;6613
14;6562
15;6547
16;6547
17;6547
18;6517
19;6502
20;6450
21;6366
22;6310
23;6310
24;6272
25;6272
26;6228
27;6178
28;6178
29;6123
30;6101
31;6094
32;6081
33;6023
34;6023
35;5994
36;5868
37;5868
38;5868
39;5868
40;5840
41;5755
42;5755
43;5744
44;5723
45;5702
46;5702
47;5664
48;5642
49;5595
50;5595
51;5532
52;5532
53;5529
54;5475
55;5475
56;5475
57;5434
58;5403
59;5351
60;5351
61;5326
62;5301
63;5301
64;5271
65;5246
66;5231
67;5215
68;5214
69;5193
70;5193
71;5164
72;5150
73;5126
74;5110
75;5108
76;5091
77;5026
78;5026
79;5026
80;5026
81;5023
82;5009
83;5009
84;4995
85;4983
86;4983
87;4964
88;4948
89;4917
90;4917
91;4917
92;4888
93;4888
94;4888
95;4854
96;4854
97;4853
98;4849
99;4844
100;4825
101;4810
102;4780
103;4780
104;4780
105;4768
106;4768
107;4725
108;4725
109;4725
110;4723
111;4717
112;4706
113;4703
114;4688
115;4688
116;4677
117;4656
118;4638
119;4638
120;4638
121;4624
122;4602
123;4602
124;4601
125;4590
126;4590
127;4590
128;4590
129;4588
130;4579
131;4579
132;4565
133;4565
134;4558
135;4553
136;4547
137;4537
138;4537
139;4513
140;4513
141;4507
142;4493
143;4493
144;4476
145;4467
146;4467
147;4467
148;4464
149;4444
150;4444
151;4435
152;4435
153;4421
154;4421
155;4406
156;4406
157;4396
158;4396
159;4396
160;4382
161;4374
162;4374
163;4374
164;4368
165;4358
166;4351
167;4351
168;4349
169;4337
170;4325
171;4325
172;4325
173;4321
174;4313
175;4306
176;4306
177;4300
178;4292
179;4291
180;4287
181;4280
182;4256
183;4254
184;4254
185;4245
186;4197
187;4197
188;4188
189;4187
190;4187
191;4187
192;4187
193;4187
194;4178
195;4177
196;4177
197;4176
198;4167
199;4167
200;4165
201;4158
202;4155
203;4152
204;4146
205;4137
206;4135
207;4126
208;4120
209;4119
210;4112
211;4112
212;4108
213;4103
214;4103
215;4089
216;4080
217;4062
218;4046
219;4046
220;4044
221;4040
222;4032
223;4026
224;4026
225;4025
226;4012
227;4012
228;4004
229;3996
230;3990
231;3990
232;3980
233;3980
234;3972
235;3959
236;3959
237;3959
238;3959
239;3959
240;3956
241;3954
242;3954
243;3948
244;3948
245;3948
246;3945
247;3940
248;3938
249;3935
250;3934
251;3925
252;3925
253;3925
254;3921
255;3921
256;3920
257;3920
258;3917
259;3912
260;3900
261;3900
262;3900
263;3900
264;3894
265;3892
266;3886
267;3886
268;3882
269;3870
270;3870
271;3870
272;3869
273;3863
274;3859
275;3850
276;3850
277;3849
278;3841
279;3839
280;3833
281;3833
282;3828
283;3828
284;3826
285;3819
286;3819
287;3807
288;3807
289;3806
290;3802
291;3802
292;3797
293;3797
294;3795
295;3785
296;3785
297;3785
298;3785
299;3785
300;3785
301;3776
302;3776
303;3776
304;3770
305;3770
306;3764
307;3764
308;3751
309;3741
310;3741
311;3741
312;3741
313;3741
314;3741
315;3741
316;3741
317;3741
318;3741
319;3739
320;3739
321;3739
322;3736
323;3729
324;3726
325;3726
326;3721
327;3710
328;3710
329;3710
330;3710
331;3707
332;3698
333;3690
334;3687
335;3687
336;3687
337;3683
338;3680
339;3679
340;3668
341;3660
342;3660
343;3660
344;3644
345;3644
346;3644
347;3644
348;3643
349;3643
350;3643
351;3643
352;3620
353;3620
354;3620
355;3620
356;3620
357;3620
358;3620
359;3619
360;3612
361;3612
362;3606
363;3600
364;3600
365;3600
366;3600
367;3591
368;3589
369;3589
370;3589
371;3589
372;3589
373;3589
374;3584
375;3584
376;3583
377;3580
378;3580
379;3574
380;3560
381;3560
382;3560
383;3560
384;3560
385;3560
386;3560
387;3553
388;3550
389;3543
390;3543
391;3543
392;3543
393;3542
394;3537
395;3537
396;3529
397;3529
398;3518
399;3518
400;3513
401;3512
402;3507
403;3506
404;3506
405;3504
406;3502
407;3495
408;3495
409;3495
410;3490
411;3490
412;3483
413;3483
414;3475
415;3471
416;3471
417;3465
418;3458
419;3455
420;3455
421;3455
422;3455
423;3451
424;3451
425;3451
426;3447
427;3447
428;3447
429;3441
430;3441
431;3440
432;3434
433;3434
434;3432
435;3432
436;3430
437;3430
438;3427
439;3427
440;3424
441;3419
442;3419
443;3415
444;3415
445;3415
446;3415
447;3414
448;3410
449;3410
450;3404
451;3394
452;3391
453;3391
454;3391
455;3391
456;3391
457;3391
458;3389
459;3389
460;3389
461;3389
462;3381
463;3381
464;3380
465;3352
466;3352
467;3352
468;3352
469;3352
470;3352
471;3352
472;3344
473;3342
474;3339
475;3339
476;3335
477;3335
478;3329
479;3329
480;3329
481;3329
482;3329
483;3327
484;3327
485;3324
486;3323
487;3323
488;3323
489;3323
490;3323
491;3323
492;3323
493;3320
494;3320
495;3320
496;3320
497;3317
498;3317
499;3310
500;3301
501;3301
502;3301
503;3301
504;3301
505;3301
506;3301
507;3301
508;3301
509;3299
510;3298
511;3297
512;3294
513;3294
514;3293
515;3288
516;3288
517;3283
518;3280
519;3274
520;3272
521;3272
522;3270
523;3270
524;3264
525;3261
526;3260
527;3254
528;3254
529;3254
530;3253
531;3250
532;3250
533;3247
534;3247
535;3245
536;3245
537;3245
538;3243
539;3239
540;3239
541;3238
542;3234
543;3234
544;3234
545;3231
546;3229
547;3229
548;3227
549;3226
550;3222
551;3222
552;3220
553;3220
554;3216
555;3213
556;3213
557;3211
558;3211
559;3205
560;3205
561;3200
562;3200
563;3200
564;3198
565;3196
566;3193
567;3193
568;3192
569;3192
570;3189
571;3184
572;3184
573;3184
574;3184
575;3183
576;3180
577;3180
578;3175
579;3173
580;3168
581;3168
582;3164
583;3163
584;3162
585;3162
586;3154
587;3152
588;3152
589;3152
590;3147
591;3147
592;3147
593;3144
594;3144
595;3143
596;3140
597;3137
598;3137
599;3135
600;3135
601;3135
602;3131
603;3131
604;3126
605;3124
606;3119
607;3119
608;3115
609;3115
610;3108
611;3108
612;3108
613;3106
614;3106
615;3106
616;3100
617;3100
618;3100
619;3100
620;3100
621;3094
622;3092
623;3091
624;3087
625;3087
626;3087
627;3082
628;3080
629;3076
630;3076
631;3076
632;3074
633;3074
634;3069
635;3068
636;3068
637;3068
638;3068
639;3068
640;3066
641;3062
642;3062
643;3061
644;3061
645;3060
646;3060
647;3057
648;3057
649;3055
650;3054
651;3054
652;3049
653;3049
654;3047
655;3042
656;3037
657;3037
658;3037
659;3033
660;3033
661;3033
662;3033
663;3033
664;3033
665;3031
666;3031
667;3029
668;3027
669;3027
670;3024
671;3024
672;3021
673;3021
674;3015
675;3015
676;3015
677;3010
678;3010
679;3010
680;3007
681;3007
682;3007
683;3007
684;3004
685;3004
686;3002
687;3002
688;3002
689;3002
690;3002
691;3002
692;3002
693;3002
694;3001
695;2999
696;2997
697;2994
698;2989
699;2989
700;2989
701;2985
702;2985
703;2985
704;2985
705;2984
706;2984
707;2977
708;2977
709;2977
710;2977
711;2977
712;2977
713;2977
714;2977
715;2977
716;2977
717;2977
718;2977
719;2977
720;2977
721;2977
722;2977
723;2976
724;2975
725;2974
726;2974
727;2973
728;2973
729;2973
730;2973
731;2973
732;2972
733;2972
734;2970
735;2970
736;2970
737;2970
738;2966
739;2966
740;2966
741;2966
742;2966
743;2966
744;2966
745;2963
746;2963
747;2963
748;2961
749;2961
750;2961
751;2961
752;2961
753;2961
754;2958
755;2958
756;2958
757;2956
758;2950
759;2950
760;2950
761;2950
762;2950
763;2950
764;2950
765;2950
766;2949
767;2944
768;2944
769;2944
770;2943
771;2943
772;2940
773;2940
774;2939
775;2937
776;2937
777;2937
778;2934
779;2934
780;2933
781;2933
782;2933
783;2931
784;2931
785;2931
786;2931
787;2926
788;2926
789;2926
790;2922
791;2921
792;2920
793;2920
794;2913
795;2912
796;2911
797;2905
798;2905
799;2905
800;2902
801;2902
802;2902
803;2901
804;2901
805;2895
806;2890
807;2886
808;2886
809;2886
810;2886
811;2886
812;2886
813;2885
814;2883
815;2883
816;2882
817;2877
818;2877
819;2877
820;2877
821;2870
822;2870
823;2870
824;2870
825;2869
826;2866
827;2866
828;2866
829;2865
830;2865
831;2858
832;2858
833;2858
834;2858
835;2858
836;2858
837;2858
838;2850
839;2850
840;2850
841;2850
842;2850
843;2850
844;2850
845;2850
846;2850
847;2849
848;2849
849;2849
850;2849
851;2849
852;2847
853;2846
854;2846
855;2846
856;2846
857;2846
858;2845
859;2845
860;2844
861;2844
862;2844
863;2842
864;2839
865;2839
866;2839
867;2839
868;2837
869;2837
870;2837
871;2837
872;2837
873;2837
874;2831
875;2831
876;2831
877;2831
878;2831
879;2831
880;2831
881;2831
882;2830
883;2830
884;2830
885;2830
886;2830
887;2830
888;2824
889;2824
890;2824
891;2824
892;2823
893;2823
894;2818
895;2818
896;2818
897;2818
898;2818
899;2818
900;2818
901;2818
902;2814
903;2814
904;2814
905;2814
906;2814
907;2811
908;2811
909;2811
910;2811
911;2808
912;2808
913;2808
914;2808
915;2806
916;2806
917;2806
918;2806
919;2798
920;2798
921;2798
922;2798
923;2798
924;2798
925;2798
926;2798
927;2798
928;2797
929;2797
930;2797
931;2797
932;2797
933;2797
934;2797
935;2797
936;2796
937;2796
938;2796
939;2796
940;2796
941;2796
942;2793
943;2793
944;2793
945;2793
946;2792
947;2792
948;2792
949;2792
950;2792
951;2791
952;2782
953;2782
954;2782
955;2782
956;2781
957;2779
958;2779
959;2779
960;2778
961;2778
962;2777
963;2775
964;2771
965;2771
966;2771
967;2767
968;2767
969;2767
970;2765
971;2765
972;2765
973;2765
974;2765
975;2765
976;2765
977;2765
978;2762
979;2762
980;2762
981;2762
982;2762
983;2761
984;2761
985;2761
986;2761
987;2758
988;2758
989;2758
990;2757
991;2757
992;2757
993;2757
994;2757
995;2757
996;2757
997;2757
998;2757
999;2754
1000;2754
1001;2753
1002;2753
1003;2753
1004;2753
1005;2753
1006;2750
1007;2750
1008;2750
1009;2750
1010;2750
1011;2750
1012;2750
1013;2750
1014;2750
1015;2744
1016;2744
1017;2744
1018;2744
1019;2744
1020;2744
1021;2742
1022;2742
1023;2742
1024;2742
1025;2742
1026;2742
1027;2742
1028;2741
1029;2741
1030;2741
1031;2741
1032;2741
1033;2738
1034;2738
1035;2738
1036;2738
1037;2738
1038;2738
1039;2738
1040;2737
1041;2737
1042;2735
1043;2734
1044;2734
1045;2734
1046;2733
1047;2732
1048;2732
1049;2732
1050;2732
1051;2732
1052;2732
1053;2732
1054;2732
1055;2732
1056;2732
1057;2732
1058;2732
1059;2732
1060;2732
1061;2732
1062;2732
1063;2732
1064;2732
1065;2732
1066;2728
1067;2728
1068;2728
1069;2728
1070;2728
1071;2728
1072;2728
1073;2728
1074;2728
1075;2728
1076;2728
1077;2728
1078;2728
1079;2728
1080;2728
1081;2728
1082;2727
1083;2727
1084;2727
1085;2727
1086;2722
1087;2722
1088;2722
1089;2722
1090;2720
1091;2720
1092;2719
1093;2719
1094;2719
1095;2719
1096;2719
1097;2719
1098;2718
1099;2718
1100;2711
1101;2711
1102;2710
1103;2710
1104;2709
1105;2708
1106;2708
1107;2706
1108;2706
1109;2704
1110;2704
1111;2703
1112;2703
1113;2703
1114;2703
1115;2703
1116;2703
1117;2702
1118;2702
1119;2701
1120;2701
1121;2701
1122;2701
1123;2701
1124;2699
1125;2699
1126;2699
1127;2699
1128;2697
1129;2696
1130;2696
1131;2695
1132;2694
1133;2694
1134;2691
1135;2691
1136;2691
1137;2691
1138;2691
1139;2691
1140;2691
1141;2690
1142;2681
1143;2681
1144;2681
1145;2681
1146;2681
1147;2680
1148;2675
1149;2675
1150;2675
1151;2675
1152;2675
1153;2675
1154;2675
1155;2674
1156;2674
1157;2674
1158;2673
1159;2673
1160;2672
1161;2672
1162;2672
1163;2672
1164;2672
1165;2672
1166;2671
1167;2671
1168;2671
1169;2670
1170;2670
1171;2670
1172;2670
1173;2670
1174;2670
1175;2670
1176;2670
1177;2670
1178;2670
1179;2668
1180;2668
1181;2668
1182;2668
1183;2666
1184;2666
1185;2664
1186;2664
1187;2664
1188;2664
1189;2664
1190;2664
1191;2664
1192;2664
1193;2664
1194;2664
1195;2664
1196;2664
1197;2664
1198;2664
1199;2664
1200;2664
1201;2660
1202;2660
1203;2660
1204;2660
1205;2660
1206;2660
1207;2660
1208;2660
1209;2660
1210;2660
1211;2660
1212;2660
1213;2660
1214;2660
1215;2660
1216;2660
1217;2660
1218;2660
1219;2658
1220;2658
1221;2658
1222;2658
1223;2658
1224;2658
1225;2658
1226;2656
1227;2656
1228;2648
1229;2648
1230;2648
1231;2648
1232;2648
1233;2648
1234;2648
1235;2648
1236;2648
1237;2648
1238;2648
1239;2648
1240;2648
1241;2648
1242;2647
1243;2647
1244;2647
1245;2647
1246;2647
1247;2647
1248;2647
1249;2647
1250;2647
1251;2647
1252;2647
1253;2642
1254;2642
1255;2642
1256;2642
1257;2642
1258;2642
1259;2642
1260;2642
1261;2642
1262;2642
1263;2642
1264;2642
1265;2642
1266;2642
1267;2642
1268;2642
1269;2642
1270;2642
1271;2642
1272;2642
1273;2642
1274;2642
1275;2642
1276;2642
1277;2642
1278;2642
1279;2642
1280;2642
1281;2642
1282;2642
1283;2637
1284;2637
1285;2637
1286;2637
1287;2637
1288;2635
1289;2635
1290;2635
1291;2632
1292;2632
1293;2632
1294;2632
1295;2632
1296;2632
1297;2632
1298;2632
1299;2632
1300;2632
1301;2632
1302;2632
1303;2632
1304;2632
1305;2632
1306;2632
1307;2632
1308;2631
1309;2631
1310;2631
1311;2631
1312;2631
1313;2631
1314;2631
1315;2631
1316;2631
1317;2631
1318;2631
1319;2631
1320;2631
1321;2631
1322;2631
1323;2631
1324;2631
1325;2631
1326;2630
1327;2630
1328;2630
1329;2630
1330;2630
1331;2630
1332;2630
1333;2630
1334;2630
1335;2630
1336;2630
1337;2630
1338;2630
1339;2630
1340;2628
1341;2628
1342;2628
1343;2628
1344;2628
1345;2628
1346;2628
1347;2628
1348;2628
1349;2628
1350;2628
1351;2628
1352;2628
1353;2628
1354;2628
1355;2628
1356;2628
1357;2628
1358;2628
1359;2628
1360;2628
1361;2628
1362;2628
1363;2628
1364;2626
1365;2626
1366;2626
1367;2626
1368;2626
1369;2626
1370;2626
1371;2626
1372;2626
1373;2626
1374;2626
1375;2626
1376;2626
1377;2626
1378;2626
1379;2626
1380;2626
1381;2626
1382;2620
1383;2620
1384;2620
1385;2620
1386;2620
1387;2620
1388;2620
1389;2620
1390;2620
1391;2620
1392;2620
1393;2620
1394;2620
1395;2620
1396;2620
1397;2620
1398;2620
1399;2620
1400;2620
1401;2620
1402;2620
1403;2620
1404;2620
1405;2620
1406;2620
1407;2620
1408;2620
1409;2620
1410;2620
1411;2620
1412;2620
1413;2620
1414;2620
1415;2620
1416;2620
1417;2620
1418;2620
1419;2620
1420;2620
1421;2620
1422;2620
1423;2620
1424;2620
1425;2620
1426;2620
1427;2620
1428;2620
1429;2618
1430;2618
1431;2618
1432;2618
1433;2618
1434;2618
1435;2618
1436;2618
1437;2618
1438;2618
1439;2618
1440;2618
1441;2618
1442;2618
1443;2618
1444;2618
1445;2618
1446;2618
1447;2618
1448;2618
1449;2618
1450;2618
1451;2618
1452;2618
1453;2616
1454;2616
1455;2616
1456;2616
1457;2616
1458;2616
1459;2616
1460;2616
1461;2616
1462;2616
1463;2616
1464;2616
1465;2616
1466;2616
1467;2616
1468;2616
1469;2616
1470;2616
1471;2616
1472;2616
1473;2616
1474;2616
1475;2616
1476;2616
1477;2616
1478;2616
1479;2616
1480;2616
1481;2616
1482;2616
1483;2616
1484;2616
1485;2616
1486;2616
1487;2616
1488;2616
1489;2616
1490;2616
1491;2616
1492;2616
1493;2616
1494;2616
1495;2616
1496;2616
1497;2616
1498;2616
1499;2616
1500;2616
1501;2616
1502;2616
1503;2616
1504;2616
1505;2616
1506;2616
1507;2613
1508;2613
1509;2612
1510;2612
1511;2612
1512;2612
1513;2612
1514;2612
1515;2612
1516;2612
1517;2609
1518;2609
1519;2609
1520;2609
1521;2607
1522;2607
1523;2607
1524;2607
1525;2607
1526;2607
1527;2607
1528;2607
1529;2607
1530;2607
1531;2607
1532;2607
1533;2607
1534;2607
1535;2607
1536;2607
1537;2607
1538;2607
1539;2607
1540;2607
1541;2607
1542;2607
1543;2607
1544;2607
1545;2607
1546;2607
1547;2607
1548;2607
1549;2607
1550;2607
1551;2607
1552;2607
1553;2607
1554;2607
1555;2603
1556;2603
1557;2603
1558;2603
1559;2603
1560;2603
1561;2603
1562;2603
1563;2603
1564;2603
1565;2603
1566;2603
1567;2603
1568;2603
1569;2603
1570;2603
1571;2603
1572;2603
1573;2603
1574;2603
1575;2603
1576;2603
1577;2603
1578;2603
1579;2603
1580;2603
1581;2603
1582;2603
1583;2603
1584;2603
1585;2603
1586;2603
1587;2603
1588;2603
1589;2603
1590;2603
1591;2603
1592;2603
1593;2603
1594;2603
1595;2603
1596;2603
1597;2603
1598;2603
1599;2603
1600;2603
1601;2603
1602;2603
1603;2603
1604;2603
1605;2603
1606;2603
1607;2603
1608;2603
1609;2603
1610;2603
1611;2603
1612;2603
1613;2603
1614;2603
1615;2603
1616;2603
1617;2600
1618;2600
1619;2600
1620;2600
1621;2600
1622;2600
1623;2600
1624;2600
1625;2600
1626;2600
1627;2600
1628;2600
1629;2600
1630;2600
1631;2600
1632;2600
1633;2600
1634;2600
1635;2600
1636;2600
1637;2600
1638;2600
1639;2600
1640;2600
1641;2600
1642;2600
1643;2600
1644;2600
1645;2600
1646;2600
1647;2600
1648;2600
1649;2600
1650;2600
1651;2600
1652;2600
1653;2600
1654;2600
1655;2600
1656;2600
1657;2600
1658;2600
1659;2600
1660;2600
1661;2600
1662;2600
1663;2600
1664;2600
1665;2600
1666;2600
1667;2600
1668;2599
1669;2599
1670;2599
1671;2599
1672;2599
1673;2599
1674;2599
1675;2599
1676;2599
1677;2599
1678;2599
1679;2599
1680;2599
1681;2599
1682;2599
1683;2599
1684;2599
1685;2599
1686;2599
1687;2599
1688;2599
1689;2599
1690;2599
1691;2599
1692;2599
1693;2599
1694;2599
1695;2599
1696;2599
1697;2599
1698;2599
1699;2599
1700;2599
1701;2593
1702;2593
1703;2593
1704;2593
1705;2593
1706;2593
1707;2593
1708;2593
1709;2593
1710;2593
1711;2593
1712;2593
1713;2593
1714;2593
1715;2593
1716;2593
1717;2593
1718;2592
1719;2592
1720;2592
1721;2592
1722;2592
1723;2592
1724;2592
1725;2592
1726;2592
1727;2592
1728;2592
1729;2592
1730;2592
1731;2586
1732;2586
1733;2586
1734;2586
1735;2585
1736;2583
1737;2577
1738;2577
1739;2577
1740;2577
1741;2577
1742;2577
1743;2577
1744;2577
1745;2577
1746;2577
1747;2577
1748;2577
1749;2577
1750;2577
1751;2577
1752;2577
1753;2577
1754;2577
1755;2577
1756;2577
1757;2577
1758;2577
1759;2577
1760;2577
1761;2577
1762;2577
1763;2577
1764;2577
1765;2575
1766;2575
1767;2575
1768;2575
1769;2575
1770;2575
1771;2575
1772;2575
1773;2575
1774;2575
1775;2575
1776;2575
1777;2575
1778;2575
1779;2575
1780;2575
1781;2571
1782;2571
1783;2571
1784;2571
1785;2571
1786;2571
1787;2571
1788;2571
1789;2571
1790;2571
1791;2571
1792;2571
1793;2571
1794;2571
1795;2571
1796;2571
1797;2571
1798;2571
1799;2571
1800;2569
1801;2569
1802;2569
1803;2569
1804;2569
1805;2569
1806;2569
1807;2569
1808;2569
1809;2569
1810;2569
1811;2569
1812;2569
1813;2569
1814;2569
1815;2569
1816;2569
1817;2569
1818;2569
1819;2569
1820;2569
1821;2569
1822;2569
1823;2569
1824;2569
1825;2569
1826;2569
1827;2569
1828;2569
1829;2569
1830;2569
1831;2569
1832;2569
1833;2569
1834;2569
1835;2569
1836;2569
1837;2569
1838;2569
1839;2569
1840;2569
1841;2569
1842;2569
1843;2569
1844;2569
1845;2569
1846;2569
1847;2569
1848;2569
1849;2569
1850;2569
1851;2569
1852;2569
1853;2569
1854;2569
1855;2569
1856;2569
1857;2569
1858;2569
1859;2569
1860;2569
1861;2569
1862;2569
1863;2569
1864;2569
1865;2569
1866;2569
1867;2569
1868;2569
1869;2569
1870;2569
1871;2569
1872;2569
1873;2569
1874;2569
1875;2569
1876;2569
1877;2569
1878;2569
1879;2569
1880;2569
1881;2569
1882;2569
1883;2569
1884;2569
1885;2569
1886;2569
1887;2569
1888;2569
1889;2569
1890;2569
1891;2568
1892;2568
1893;2568
1894;2568
1895;2568
1896;2568
1897;2568
1898;2568
1899;2568
1900;2568
1901;2568
1902;2568
1903;2568
1904;2568
1905;2568
1906;2568
1907;2568
1908;2568
1909;2568
1910;2568
1911;2568
1912;2568
1913;2568
1914;2568
1915;2568
1916;2568
1917;2568
1918;2568
1919;2568
1920;2568
1921;2568
1922;2568
1923;2568
1924;2568
1925;2568
1926;2568
1927;2568
1928;2568
1929;2568
1930;2568
1931;2568
1932;2568
1933;2568
1934;2568
1935;2568
1936;2568
1937;2568
1938;2568
1939;2568
1940;2568
1941;2568
1942;2568
1943;2568
1944;2568
1945;2568
1946;2568
1947;2568
1948;2568
1949;2568
1950;2568
1951;2568
1952;2568
1953;2568
1954;2568
1955;2568
1956;2568
1957;2568
1958;2568
1959;2568
1960;2568
1961;2568
1962;2568
1963;2568
1964;2568
1965;2568
1966;2568
1967;2568
1968;2568
1969;2568
1970;2568
1971;2568
1972;2568
1973;2568
1974;2568
1975;2568
1976;2568
1977;2568
1978;2568
1979;2568
1980;2568
1981;2568
1982;2568
1983;2568
1984;2568
1985;2568
1986;2568
1987;2568
1988;2568
1989;2568
1990;2568
1991;2568
1992;2568
1993;2568
1994;2568
1995;2568
1996;2568
1997;2568
1998;2568
1999;2568
2000;2568
