generacja;koszt_scierzki
1;23087
2;22689
3;22689
4;22667
5;22179
6;21386
7;21223
8;21223
9;20993
10;20912
11;20486
12;20486
13;20154
14;19629
15;19629
16;19473
17;19274
18;19274
19;19101
20;18568
21;18568
22;18317
23;18317
24;18315
25;17858
26;17858
27;17850
28;17635
29;17292
30;17280
31;17126
32;16918
33;16790
34;16510
35;16067
36;15845
37;15845
38;15744
39;15718
40;15694
41;15462
42;15315
43;15315
44;15203
45;14966
46;14673
47;14673
48;14673
49;14567
50;14458
51;14357
52;14199
53;14199
54;14108
55;13976
56;13976
57;13691
58;13648
59;13520
60;13392
61;13319
62;13112
63;13112
64;13112
65;13112
66;12978
67;12950
68;12594
69;12594
70;12594
71;12594
72;12537
73;12537
74;12391
75;12386
76;12330
77;12254
78;12171
79;12160
80;12141
81;11867
82;11867
83;11839
84;11778
85;11676
86;11653
87;11397
88;11293
89;11293
90;11293
91;11293
92;11291
93;11170
94;11108
95;11094
96;10974
97;10974
98;10974
99;10966
100;10869
101;10869
102;10869
103;10799
104;10773
105;10721
106;10708
107;10708
108;10567
109;10564
110;10553
111;10484
112;10405
113;10298
114;10235
115;10168
116;10129
117;10095
118;10000
119;9947
120;9947
121;9873
122;9851
123;9711
124;9711
125;9645
126;9591
127;9583
128;9570
129;9536
130;9536
131;9449
132;9441
133;9441
134;9381
135;9381
136;9329
137;9329
138;9329
139;9201
140;9201
141;9172
142;9106
143;9075
144;9075
145;9075
146;9075
147;9071
148;9049
149;9007
150;9007
151;8956
152;8951
153;8890
154;8786
155;8786
156;8786
157;8786
158;8786
159;8786
160;8616
161;8616
162;8616
163;8616
164;8616
165;8616
166;8616
167;8616
168;8616
169;8582
170;8582
171;8548
172;8548
173;8491
174;8491
175;8489
176;8473
177;8439
178;8400
179;8350
180;8350
181;8333
182;8208
183;8208
184;8204
185;8182
186;8162
187;8121
188;8121
189;8121
190;8054
191;7996
192;7975
193;7935
194;7935
195;7906
196;7906
197;7881
198;7869
199;7869
200;7836
201;7834
202;7792
203;7767
204;7753
205;7703
206;7703
207;7673
208;7670
209;7670
210;7616
211;7614
212;7602
213;7581
214;7557
215;7554
216;7522
217;7508
218;7459
219;7456
220;7429
221;7418
222;7418
223;7371
224;7371
225;7371
226;7305
227;7305
228;7305
229;7293
230;7262
231;7240
232;7237
233;7174
234;7174
235;7170
236;7161
237;7125
238;7125
239;7105
240;7105
241;7064
242;7034
243;7030
244;7014
245;6995
246;6964
247;6954
248;6912
249;6881
250;6876
251;6837
252;6815
253;6815
254;6815
255;6815
256;6809
257;6776
258;6763
259;6763
260;6760
261;6743
262;6743
263;6739
264;6718
265;6686
266;6673
267;6633
268;6633
269;6619
270;6613
271;6610
272;6574
273;6553
274;6538
275;6538
276;6538
277;6483
278;6477
279;6460
280;6438
281;6438
282;6390
283;6389
284;6370
285;6370
286;6368
287;6368
288;6331
289;6309
290;6309
291;6288
292;6288
293;6270
294;6249
295;6217
296;6217
297;6205
298;6178
299;6178
300;6166
301;6166
302;6162
303;6119
304;6119
305;6107
306;6103
307;6070
308;6054
309;6054
310;6054
311;6035
312;6035
313;6008
314;6008
315;6008
316;6008
317;6008
318;5995
319;5988
320;5988
321;5988
322;5988
323;5976
324;5976
325;5958
326;5958
327;5958
328;5958
329;5946
330;5929
331;5929
332;5929
333;5913
334;5899
335;5899
336;5899
337;5877
338;5877
339;5877
340;5877
341;5877
342;5877
343;5828
344;5828
345;5828
346;5828
347;5828
348;5828
349;5802
350;5800
351;5800
352;5800
353;5800
354;5796
355;5796
356;5774
357;5768
358;5761
359;5761
360;5736
361;5729
362;5729
363;5697
364;5697
365;5697
366;5697
367;5697
368;5697
369;5693
370;5693
371;5684
372;5684
373;5684
374;5684
375;5680
376;5680
377;5680
378;5680
379;5680
380;5680
381;5680
382;5680
383;5680
384;5680
385;5680
386;5680
387;5679
388;5679
389;5679
390;5679
391;5679
392;5679
393;5679
394;5679
395;5679
396;5679
397;5679
398;5679
399;5679
400;5679
401;5679
402;5679
403;5679
404;5679
405;5679
406;5679
407;5679
408;5679
409;5679
410;5679
411;5679
412;5679
413;5679
414;5679
415;5679
416;5679
417;5679
418;5679
419;5679
420;5679
421;5679
422;5679
423;5679
424;5679
425;5679
426;5679
427;5679
428;5679
429;5679
430;5659
431;5659
432;5659
433;5659
434;5659
435;5659
436;5659
437;5659
438;5659
439;5659
440;5659
441;5659
442;5659
443;5659
444;5659
445;5659
446;5659
447;5659
448;5659
449;5659
450;5659
451;5659
452;5659
453;5659
454;5659
455;5659
456;5659
457;5659
458;5659
459;5659
460;5659
461;5659
462;5659
463;5659
464;5659
465;5659
466;5659
467;5659
468;5659
469;5659
470;5659
471;5659
472;5659
473;5659
474;5659
475;5659
476;5659
477;5659
478;5659
479;5659
480;5659
481;5659
482;5659
483;5659
484;5659
485;5659
486;5659
487;5659
488;5659
489;5659
490;5659
491;5659
492;5659
493;5659
494;5659
495;5659
496;5659
497;5659
498;5659
499;5659
500;5659
501;5659
502;5659
503;5659
504;5659
505;5659
506;5659
507;5659
508;5659
509;5659
510;5659
511;5659
512;5659
513;5659
514;5659
515;5659
516;5659
517;5659
518;5659
519;5659
520;5659
521;5659
522;5659
523;5659
524;5659
525;5659
526;5659
527;5659
528;5659
529;5659
530;5659
531;5659
532;5659
533;5659
534;5659
535;5659
536;5659
537;5659
538;5659
539;5659
540;5659
541;5659
542;5659
543;5659
544;5659
545;5659
546;5659
547;5659
548;5659
549;5659
550;5659
551;5659
552;5659
553;5659
554;5659
555;5659
556;5659
557;5659
558;5659
559;5659
560;5659
561;5659
562;5659
563;5659
564;5659
565;5659
566;5659
567;5659
568;5659
569;5659
570;5659
571;5659
572;5659
573;5659
574;5659
575;5659
576;5659
577;5659
578;5659
579;5659
580;5659
581;5659
582;5659
583;5659
584;5659
585;5659
586;5659
587;5659
588;5659
589;5659
590;5659
591;5659
592;5659
593;5659
594;5659
595;5659
596;5659
597;5659
598;5659
599;5659
600;5659
601;5659
602;5659
603;5659
604;5659
605;5659
606;5659
607;5659
608;5659
609;5659
610;5659
611;5659
612;5659
613;5659
614;5659
615;5659
616;5659
617;5659
618;5659
619;5659
620;5659
621;5659
622;5659
623;5659
624;5659
625;5659
626;5659
627;5659
628;5659
629;5659
630;5659
631;5659
632;5659
633;5659
634;5659
635;5659
636;5659
637;5659
638;5659
639;5659
640;5659
641;5659
642;5659
643;5659
644;5659
645;5659
646;5659
647;5659
648;5659
649;5659
650;5659
651;5659
652;5659
653;5659
654;5659
655;5659
656;5659
657;5659
658;5659
659;5659
660;5659
661;5659
662;5659
663;5659
664;5659
665;5659
666;5659
667;5659
668;5659
669;5659
670;5659
671;5659
672;5659
673;5659
674;5659
675;5659
676;5659
677;5659
678;5659
679;5659
680;5659
681;5659
682;5659
683;5659
684;5659
685;5659
686;5659
687;5659
688;5659
689;5659
690;5659
691;5659
692;5659
693;5659
694;5659
695;5659
696;5659
697;5659
698;5659
699;5659
700;5659
701;5659
702;5647
703;5647
704;5647
705;5647
706;5647
707;5647
708;5647
709;5647
710;5647
711;5647
712;5647
713;5647
714;5647
715;5647
716;5647
717;5647
718;5647
719;5647
720;5647
721;5647
722;5599
723;5599
724;5599
725;5599
726;5599
727;5599
728;5599
729;5599
730;5599
731;5599
732;5599
733;5599
734;5599
735;5599
736;5599
737;5599
738;5599
739;5599
740;5599
741;5599
742;5599
743;5599
744;5599
745;5599
746;5599
747;5599
748;5599
749;5599
750;5599
751;5599
752;5599
753;5599
754;5599
755;5599
756;5599
757;5599
758;5599
759;5599
760;5599
761;5599
762;5599
763;5599
764;5599
765;5599
766;5599
767;5599
768;5599
769;5599
770;5599
771;5599
772;5599
773;5599
774;5599
775;5599
776;5599
777;5599
778;5599
779;5599
780;5599
781;5599
782;5599
783;5599
784;5599
785;5599
786;5599
787;5599
788;5599
789;5599
790;5599
791;5599
792;5599
793;5599
794;5599
795;5599
796;5599
797;5599
798;5599
799;5599
800;5599
801;5599
802;5599
803;5599
804;5599
805;5599
806;5599
807;5599
808;5599
809;5599
810;5599
811;5599
812;5599
813;5599
814;5599
815;5599
816;5599
817;5599
818;5599
819;5599
820;5599
821;5599
822;5599
823;5599
824;5599
825;5599
826;5599
827;5599
828;5592
829;5592
830;5592
831;5592
832;5575
833;5575
834;5575
835;5575
836;5575
837;5575
838;5575
839;5575
840;5575
841;5575
842;5575
843;5575
844;5575
845;5575
846;5575
847;5575
848;5575
849;5575
850;5575
851;5575
852;5575
853;5575
854;5575
855;5575
856;5575
857;5575
858;5575
859;5575
860;5575
861;5575
862;5575
863;5575
864;5575
865;5575
866;5575
867;5575
868;5575
869;5575
870;5575
871;5575
872;5575
873;5575
874;5575
875;5575
876;5575
877;5575
878;5575
879;5575
880;5575
881;5575
882;5575
883;5575
884;5575
885;5572
886;5572
887;5572
888;5572
889;5572
890;5572
891;5572
892;5572
893;5572
894;5572
895;5572
896;5572
897;5572
898;5572
899;5572
900;5572
901;5572
902;5572
903;5572
904;5572
905;5572
906;5572
907;5572
908;5572
909;5572
910;5572
911;5572
912;5572
913;5572
914;5572
915;5572
916;5572
917;5572
918;5572
919;5572
920;5572
921;5564
922;5564
923;5564
924;5564
925;5564
926;5564
927;5564
928;5564
929;5564
930;5564
931;5564
932;5564
933;5564
934;5564
935;5564
936;5564
937;5564
938;5564
939;5564
940;5564
941;5564
942;5564
943;5564
944;5564
945;5564
946;5564
947;5564
948;5564
949;5564
950;5564
951;5564
952;5564
953;5564
954;5564
955;5564
956;5564
957;5564
958;5564
959;5564
960;5564
961;5564
962;5564
963;5564
964;5564
965;5564
966;5564
967;5564
968;5564
969;5564
970;5564
971;5564
972;5564
973;5564
974;5564
975;5564
976;5564
977;5564
978;5564
979;5564
980;5564
981;5564
982;5564
983;5564
984;5564
985;5564
986;5564
987;5564
988;5564
989;5564
990;5564
991;5564
992;5564
993;5564
994;5564
995;5564
996;5564
997;5564
998;5564
999;5564
1000;5564
1001;5564
1002;5564
1003;5564
1004;5564
1005;5564
1006;5564
1007;5564
1008;5564
1009;5564
1010;5564
1011;5564
1012;5564
1013;5564
1014;5564
1015;5564
1016;5564
1017;5564
1018;5564
1019;5564
1020;5564
1021;5564
1022;5564
1023;5564
1024;5564
1025;5564
1026;5564
1027;5564
1028;5564
1029;5564
1030;5564
1031;5564
1032;5564
1033;5564
1034;5564
1035;5564
1036;5564
1037;5564
1038;5564
1039;5564
1040;5564
1041;5564
1042;5564
1043;5564
1044;5564
1045;5564
1046;5564
1047;5564
1048;5564
1049;5564
1050;5564
1051;5564
1052;5564
1053;5564
1054;5564
1055;5564
1056;5564
1057;5564
1058;5564
1059;5564
1060;5564
1061;5564
1062;5564
1063;5564
1064;5564
1065;5564
1066;5564
1067;5564
1068;5564
1069;5564
1070;5564
1071;5564
1072;5564
1073;5564
1074;5564
1075;5564
1076;5564
1077;5564
1078;5564
1079;5564
1080;5564
1081;5564
1082;5564
1083;5564
1084;5564
1085;5564
1086;5564
1087;5564
1088;5564
1089;5564
1090;5564
1091;5564
1092;5564
1093;5564
1094;5564
1095;5564
1096;5564
1097;5564
1098;5564
1099;5564
1100;5564
1101;5564
1102;5564
1103;5564
1104;5564
1105;5564
1106;5564
1107;5564
1108;5564
1109;5564
1110;5564
1111;5564
1112;5564
1113;5564
1114;5564
1115;5564
1116;5564
1117;5564
1118;5564
1119;5564
1120;5564
1121;5564
1122;5564
1123;5564
1124;5564
1125;5564
1126;5564
1127;5564
1128;5564
1129;5564
1130;5564
1131;5564
1132;5564
1133;5564
1134;5564
1135;5564
1136;5564
1137;5564
1138;5564
1139;5564
1140;5564
1141;5564
1142;5564
1143;5564
1144;5564
1145;5564
1146;5564
1147;5564
1148;5564
1149;5564
1150;5564
1151;5564
1152;5564
1153;5564
1154;5564
1155;5564
1156;5564
1157;5564
1158;5564
1159;5564
1160;5549
1161;5549
1162;5536
1163;5536
1164;5536
1165;5536
1166;5536
1167;5536
1168;5536
1169;5521
1170;5521
1171;5521
1172;5521
1173;5521
1174;5521
1175;5521
1176;5521
1177;5521
1178;5521
1179;5521
1180;5521
1181;5521
1182;5521
1183;5521
1184;5521
1185;5521
1186;5507
1187;5507
1188;5507
1189;5504
1190;5504
1191;5441
1192;5441
1193;5441
1194;5441
1195;5441
1196;5441
1197;5441
1198;5441
1199;5405
1200;5405
1201;5405
1202;5405
1203;5405
1204;5405
1205;5405
1206;5405
1207;5405
1208;5405
1209;5378
1210;5378
1211;5378
1212;5378
1213;5378
1214;5378
1215;5378
1216;5378
1217;5378
1218;5378
1219;5378
1220;5378
1221;5378
1222;5378
1223;5359
1224;5359
1225;5359
1226;5359
1227;5359
1228;5349
1229;5349
1230;5349
1231;5349
1232;5349
1233;5349
1234;5349
1235;5349
1236;5349
1237;5349
1238;5349
1239;5349
1240;5349
1241;5349
1242;5349
1243;5349
1244;5349
1245;5349
1246;5349
1247;5349
1248;5349
1249;5349
1250;5349
1251;5349
1252;5349
1253;5349
1254;5349
1255;5349
1256;5349
1257;5349
1258;5349
1259;5349
1260;5349
1261;5349
1262;5349
1263;5349
1264;5349
1265;5349
1266;5349
1267;5349
1268;5349
1269;5313
1270;5313
1271;5313
1272;5313
1273;5299
1274;5299
1275;5299
1276;5299
1277;5271
1278;5271
1279;5271
1280;5271
1281;5271
1282;5271
1283;5261
1284;5261
1285;5261
1286;5261
1287;5261
1288;5236
1289;5236
1290;5236
1291;5236
1292;5236
1293;5236
1294;5236
1295;5236
1296;5236
1297;5236
1298;5236
1299;5236
1300;5236
1301;5236
1302;5236
1303;5236
1304;5236
1305;5236
1306;5236
1307;5236
1308;5236
1309;5236
1310;5236
1311;5236
1312;5236
1313;5236
1314;5236
1315;5236
1316;5236
1317;5236
1318;5236
1319;5236
1320;5236
1321;5236
1322;5236
1323;5236
1324;5236
1325;5236
1326;5236
1327;5236
1328;5236
1329;5236
1330;5236
1331;5236
1332;5236
1333;5236
1334;5236
1335;5236
1336;5236
1337;5236
1338;5236
1339;5236
1340;5236
1341;5236
1342;5236
1343;5236
1344;5236
1345;5236
1346;5236
1347;5236
1348;5236
1349;5200
1350;5200
1351;5200
1352;5200
1353;5200
1354;5200
1355;5200
1356;5200
1357;5200
1358;5200
1359;5200
1360;5200
1361;5200
1362;5200
1363;5200
1364;5200
1365;5200
1366;5200
1367;5200
1368;5200
1369;5200
1370;5200
1371;5200
1372;5200
1373;5200
1374;5200
1375;5200
1376;5200
1377;5200
1378;5200
1379;5200
1380;5200
1381;5200
1382;5200
1383;5200
1384;5200
1385;5200
1386;5200
1387;5200
1388;5200
1389;5200
1390;5200
1391;5200
1392;5200
1393;5200
1394;5200
1395;5200
1396;5200
1397;5200
1398;5200
1399;5200
1400;5200
1401;5200
1402;5200
1403;5200
1404;5200
1405;5200
1406;5200
1407;5200
1408;5200
1409;5200
1410;5200
1411;5200
1412;5200
1413;5200
1414;5200
1415;5200
1416;5200
1417;5200
1418;5200
1419;5200
1420;5200
1421;5200
1422;5200
1423;5200
1424;5200
1425;5200
1426;5200
1427;5200
1428;5200
1429;5200
1430;5200
1431;5200
1432;5200
1433;5200
1434;5200
1435;5200
1436;5200
1437;5200
1438;5200
1439;5200
1440;5200
1441;5200
1442;5200
1443;5200
1444;5200
1445;5200
1446;5200
1447;5200
1448;5200
1449;5200
1450;5200
1451;5200
1452;5200
1453;5200
1454;5200
1455;5200
1456;5200
1457;5200
1458;5200
1459;5200
1460;5200
1461;5200
1462;5200
1463;5200
1464;5200
1465;5200
1466;5200
1467;5200
1468;5200
1469;5200
1470;5200
1471;5200
1472;5200
1473;5200
1474;5200
1475;5200
1476;5200
1477;5200
1478;5200
1479;5200
1480;5200
1481;5200
1482;5200
1483;5200
1484;5200
1485;5200
1486;5200
1487;5200
1488;5200
1489;5200
1490;5200
1491;5200
1492;5200
1493;5200
1494;5200
1495;5200
1496;5200
1497;5200
1498;5200
1499;5200
1500;5200
1501;5200
1502;5200
1503;5200
1504;5200
1505;5200
1506;5145
1507;5145
1508;5145
1509;5145
1510;5145
1511;5145
1512;5145
1513;5145
1514;5145
1515;5145
1516;5145
1517;5145
1518;5145
1519;5145
1520;5145
1521;5145
1522;5145
1523;5145
1524;5145
1525;5145
1526;5145
1527;5145
1528;5145
1529;5145
1530;5145
1531;5145
1532;5145
1533;5145
1534;5145
1535;5145
1536;5145
1537;5145
1538;5145
1539;5145
1540;5145
1541;5145
1542;5145
1543;5145
1544;5145
1545;5145
1546;5145
1547;5145
1548;5145
1549;5145
1550;5145
1551;5145
1552;5145
1553;5145
1554;5145
1555;5145
1556;5145
1557;5145
1558;5145
1559;5145
1560;5145
1561;5145
1562;5145
1563;5145
1564;5145
1565;5145
1566;5145
1567;5145
1568;5145
1569;5145
1570;5145
1571;5145
1572;5145
1573;5145
1574;5145
1575;5145
1576;5145
1577;5145
1578;5145
1579;5145
1580;5145
1581;5145
1582;5145
1583;5145
1584;5145
1585;5145
1586;5145
1587;5145
1588;5145
1589;5145
1590;5145
1591;5145
1592;5145
1593;5145
1594;5145
1595;5145
1596;5145
1597;5145
1598;5145
1599;5145
1600;5145
1601;5145
1602;5145
1603;5145
1604;5145
1605;5145
1606;5145
1607;5145
1608;5145
1609;5145
1610;5145
1611;5145
1612;5145
1613;5145
1614;5145
1615;5145
1616;5145
1617;5145
1618;5145
1619;5145
1620;5145
1621;5145
1622;5145
1623;5145
1624;5145
1625;5145
1626;5145
1627;5145
1628;5145
1629;5145
1630;5145
1631;5145
1632;5145
1633;5145
1634;5145
1635;5145
1636;5145
1637;5145
1638;5145
1639;5145
1640;5145
1641;5145
1642;5145
1643;5145
1644;5145
1645;5145
1646;5145
1647;5145
1648;5145
1649;5145
1650;5145
1651;5145
1652;5145
1653;5145
1654;5145
1655;5145
1656;5145
1657;5145
1658;5145
1659;5145
1660;5145
1661;5145
1662;5145
1663;5145
1664;5145
1665;5145
1666;5145
1667;5145
1668;5145
1669;5145
1670;5145
1671;5145
1672;5145
1673;5145
1674;5145
1675;5145
1676;5145
1677;5145
1678;5145
1679;5145
1680;5145
1681;5145
1682;5145
1683;5145
1684;5145
1685;5145
1686;5145
1687;5145
1688;5145
1689;5145
1690;5145
1691;5145
1692;5145
1693;5145
1694;5145
1695;5145
1696;5145
1697;5145
1698;5145
1699;5145
1700;5145
1701;5145
1702;5145
1703;5145
1704;5145
1705;5145
1706;5145
1707;5145
1708;5145
1709;5145
1710;5145
1711;5145
1712;5145
1713;5145
1714;5145
1715;5145
1716;5145
1717;5145
1718;5145
1719;5145
1720;5145
1721;5145
1722;5145
1723;5145
1724;5145
1725;5145
1726;5145
1727;5145
1728;5145
1729;5145
1730;5145
1731;5145
1732;5145
1733;5145
1734;5145
1735;5145
1736;5145
1737;5145
1738;5145
1739;5145
1740;5145
1741;5145
1742;5145
1743;5145
1744;5145
1745;5145
1746;5145
1747;5145
1748;5145
1749;5145
1750;5145
1751;5145
1752;5145
1753;5145
1754;5145
1755;5145
1756;5145
1757;5145
1758;5145
1759;5145
1760;5145
1761;5145
1762;5145
1763;5145
1764;5145
1765;5145
1766;5145
1767;5145
1768;5145
1769;5145
1770;5145
1771;5145
1772;5145
1773;5145
1774;5145
1775;5145
1776;5145
1777;5145
1778;5145
1779;5145
1780;5145
1781;5145
1782;5145
1783;5145
1784;5145
1785;5145
1786;5145
1787;5145
1788;5145
1789;5145
1790;5145
1791;5145
1792;5145
1793;5145
1794;5145
1795;5145
1796;5145
1797;5145
1798;5145
1799;5145
1800;5145
1801;5145
1802;5145
1803;5145
1804;5145
1805;5145
1806;5145
1807;5145
1808;5145
1809;5145
1810;5145
1811;5145
1812;5145
1813;5145
1814;5145
1815;5145
1816;5145
1817;5145
1818;5145
1819;5145
1820;5145
1821;5145
1822;5145
1823;5145
1824;5145
1825;5145
1826;5145
1827;5145
1828;5145
1829;5145
1830;5145
1831;5145
1832;5145
1833;5145
1834;5145
1835;5145
1836;5145
1837;5145
1838;5145
1839;5145
1840;5145
1841;5145
1842;5145
1843;5145
1844;5145
1845;5145
1846;5145
1847;5145
1848;5145
1849;5145
1850;5145
1851;5145
1852;5145
1853;5145
1854;5145
1855;5145
1856;5145
1857;5145
1858;5145
1859;5145
1860;5145
1861;5145
1862;5145
1863;5145
1864;5145
1865;5145
1866;5145
1867;5145
1868;5145
1869;5145
1870;5145
1871;5145
1872;5145
1873;5145
1874;5145
1875;5145
1876;5145
1877;5145
1878;5145
1879;5145
1880;5145
1881;5145
1882;5145
1883;5145
1884;5145
1885;5145
1886;5145
1887;5145
1888;5145
1889;5145
1890;5145
1891;5145
1892;5145
1893;5145
1894;5145
1895;5145
1896;5145
1897;5145
1898;5145
1899;5145
1900;5145
1901;5145
1902;5145
1903;5145
1904;5145
1905;5145
1906;5145
1907;5145
1908;5145
1909;5145
1910;5145
1911;5145
1912;5145
1913;5145
1914;5145
1915;5145
1916;5145
1917;5145
1918;5145
1919;5145
1920;5145
1921;5145
1922;5145
1923;5145
1924;5145
1925;5145
1926;5145
1927;5145
1928;5145
1929;5145
1930;5145
1931;5145
1932;5145
1933;5145
1934;5145
1935;5145
1936;5145
1937;5145
1938;5145
1939;5145
1940;5145
1941;5145
1942;5145
1943;5145
1944;5145
1945;5145
1946;5145
1947;5145
1948;5145
1949;5145
1950;5145
1951;5145
1952;5145
1953;5145
1954;5145
1955;5145
1956;5145
1957;5145
1958;5145
1959;5145
1960;5145
1961;5145
1962;5145
1963;5145
1964;5145
1965;5145
1966;5145
1967;5145
1968;5145
1969;5145
1970;5145
1971;5145
1972;5145
1973;5145
1974;5145
1975;5145
1976;5145
1977;5145
1978;5145
1979;5145
1980;5145
1981;5145
1982;5145
1983;5145
1984;5145
1985;5145
1986;5145
1987;5145
1988;5145
1989;5145
1990;5145
1991;5145
1992;5145
1993;5145
1994;5145
1995;5145
1996;5145
1997;5145
1998;5145
1999;5145
2000;5145
