generacja;koszt_scierzki
1;23664
2;23393
3;23177
4;22584
5;22467
6;22148
7;21691
8;21673
9;21178
10;21139
11;20642
12;20642
13;20161
14;20161
15;19742
16;19742
17;19702
18;19539
19;19300
20;19300
21;18759
22;18759
23;18754
24;18403
25;18186
26;17994
27;17994
28;17909
29;17654
30;17654
31;17411
32;17369
33;17263
34;17263
35;17057
36;17057
37;16960
38;16799
39;16799
40;16613
41;16298
42;16298
43;16298
44;16280
45;15992
46;15992
47;15742
48;15742
49;15742
50;15563
51;15563
52;15373
53;15235
54;15135
55;15054
56;14930
57;14678
58;14659
59;14505
60;14238
61;13989
62;13972
63;13891
64;13647
65;13410
66;13315
67;13295
68;13194
69;13133
70;12811
71;12811
72;12749
73;12657
74;12587
75;12579
76;12442
77;12386
78;12302
79;12254
80;12245
81;12199
82;12158
83;12133
84;12097
85;12084
86;12084
87;12084
88;12066
89;12066
90;12066
91;12042
92;12042
93;12038
94;12038
95;12038
96;12038
97;12038
98;12038
99;12038
100;12024
101;12024
102;12024
103;11949
104;11949
105;11949
106;11949
107;11949
108;11949
109;11949
110;11949
111;11949
112;11949
113;11949
114;11949
115;11949
116;11949
117;11949
118;11949
119;11949
120;11949
121;11949
122;11949
123;11949
124;11948
125;11948
126;11864
127;11864
128;11864
129;11864
130;11864
131;11864
132;11864
133;11864
134;11864
135;11864
136;11864
137;11864
138;11864
139;11864
140;11864
141;11864
142;11864
143;11864
144;11864
145;11864
146;11864
147;11864
148;11864
149;11864
150;11864
151;11864
152;11864
153;11864
154;11864
155;11864
156;11864
157;11864
158;11864
159;11864
160;11864
161;11864
162;11864
163;11864
164;11864
165;11864
166;11864
167;11864
168;11864
169;11864
170;11864
171;11864
172;11864
173;11864
174;11864
175;11864
176;11864
177;11864
178;11864
179;11864
180;11804
181;11804
182;11804
183;11804
184;11804
185;11804
186;11804
187;11804
188;11804
189;11804
190;11804
191;11804
192;11804
193;11804
194;11804
195;11804
196;11804
197;11804
198;11804
199;11804
200;11804
201;11804
202;11804
203;11804
204;11804
205;11804
206;11804
207;11804
208;11804
209;11804
210;11804
211;11804
212;11804
213;11804
214;11804
215;11804
216;11804
217;11804
218;11804
219;11804
220;11804
221;11804
222;11804
223;11804
224;11804
225;11804
226;11804
227;11804
228;11804
229;11804
230;11804
231;11804
232;11758
233;11758
234;11758
235;11758
236;11758
237;11758
238;11758
239;11758
240;11758
241;11758
242;11758
243;11758
244;11758
245;11758
246;11758
247;11758
248;11758
249;11758
250;11758
251;11758
252;11758
253;11758
254;11758
255;11758
256;11758
257;11758
258;11758
259;11758
260;11758
261;11758
262;11758
263;11758
264;11758
265;11758
266;11758
267;11758
268;11758
269;11758
270;11758
271;11758
272;11758
273;11758
274;11758
275;11758
276;11758
277;11758
278;11758
279;11758
280;11758
281;11758
282;11758
283;11758
284;11758
285;11758
286;11758
287;11758
288;11758
289;11674
290;11674
291;11674
292;11674
293;11674
294;11674
295;11674
296;11674
297;11674
298;11674
299;11674
300;11674
301;11674
302;11674
303;11674
304;11674
305;11674
306;11674
307;11674
308;11674
309;11674
310;11674
311;11674
312;11674
313;11674
314;11674
315;11674
316;11674
317;11674
318;11674
319;11674
320;11674
321;11674
322;11674
323;11674
324;11674
325;11674
326;11674
327;11674
328;11674
329;11674
330;11674
331;11674
332;11674
333;11674
334;11674
335;11674
336;11674
337;11674
338;11674
339;11674
340;11674
341;11674
342;11674
343;11674
344;11674
345;11674
346;11637
347;11637
348;11637
349;11637
350;11637
351;11637
352;11637
353;11637
354;11637
355;11637
356;11637
357;11637
358;11637
359;11637
360;11637
361;11637
362;11637
363;11637
364;11637
365;11637
366;11637
367;11637
368;11637
369;11637
370;11637
371;11637
372;11637
373;11637
374;11637
375;11637
376;11637
377;11637
378;11637
379;11637
380;11637
381;11637
382;11531
383;11531
384;11531
385;11531
386;11531
387;11531
388;11531
389;11531
390;11531
391;11531
392;11531
393;11531
394;11531
395;11531
396;11531
397;11531
398;11531
399;11531
400;11531
401;11531
402;11531
403;11531
404;11531
405;11531
406;11531
407;11477
408;11477
409;11477
410;11477
411;11477
412;11477
413;11477
414;11477
415;11477
416;11477
417;11477
418;11477
419;11477
420;11477
421;11477
422;11477
423;11477
424;11477
425;11477
426;11477
427;11477
428;11477
429;11477
430;11477
431;11477
432;11477
433;11477
434;11477
435;11477
436;11477
437;11477
438;11477
439;11477
440;11477
441;11477
442;11477
443;11477
444;11477
445;11477
446;11477
447;11477
448;11477
449;11477
450;11477
451;11477
452;11477
453;11477
454;11477
455;11477
456;11477
457;11477
458;11477
459;11477
460;11477
461;11477
462;11477
463;11477
464;11477
465;11477
466;11477
467;11477
468;11477
469;11477
470;11477
471;11477
472;11477
473;11477
474;11477
475;11477
476;11477
477;11477
478;11477
479;11477
480;11477
481;11477
482;11477
483;11477
484;11477
485;11477
486;11477
487;11477
488;11477
489;11477
490;11477
491;11477
492;11477
493;11477
494;11477
495;11477
496;11477
497;11477
498;11477
499;11477
500;11477
501;11477
502;11477
503;11477
504;11477
505;11477
506;11477
507;11477
508;11477
509;11477
510;11477
511;11477
512;11477
513;11477
514;11477
515;11477
516;11477
517;11477
518;11477
519;11477
520;11477
521;11477
522;11477
523;11477
524;11477
525;11477
526;11477
527;11477
528;11477
529;11477
530;11477
531;11477
532;11477
533;11477
534;11477
535;11477
536;11477
537;11477
538;11477
539;11477
540;11477
541;11477
542;11477
543;11477
544;11477
545;11477
546;11477
547;11477
548;11477
549;11476
550;11476
551;11476
552;11476
553;11476
554;11476
555;11476
556;11476
557;11476
558;11476
559;11476
560;11476
561;11476
562;11476
563;11476
564;11476
565;11476
566;11476
567;11476
568;11476
569;11476
570;11476
571;11476
572;11476
573;11476
574;11476
575;11476
576;11476
577;11476
578;11476
579;11476
580;11476
581;11476
582;11476
583;11476
584;11476
585;11476
586;11476
587;11476
588;11476
589;11476
590;11476
591;11476
592;11476
593;11476
594;11476
595;11476
596;11476
597;11476
598;11476
599;11476
600;11476
601;11476
602;11476
603;11476
604;11476
605;11476
606;11476
607;11476
608;11476
609;11476
610;11476
611;11476
612;11476
613;11476
614;11476
615;11476
616;11476
617;11476
618;11476
619;11476
620;11476
621;11476
622;11476
623;11476
624;11476
625;11476
626;11476
627;11476
628;11476
629;11476
630;11476
631;11476
632;11476
633;11476
634;11454
635;11454
636;11454
637;11454
638;11454
639;11454
640;11454
641;11454
642;11454
643;11454
644;11454
645;11454
646;11454
647;11454
648;11454
649;11454
650;11454
651;11454
652;11454
653;11454
654;11454
655;11454
656;11454
657;11454
658;11454
659;11454
660;11454
661;11454
662;11454
663;11454
664;11454
665;11454
666;11454
667;11454
668;11454
669;11454
670;11454
671;11454
672;11454
673;11454
674;11454
675;11454
676;11454
677;11454
678;11454
679;11454
680;11454
681;11454
682;11454
683;11454
684;11454
685;11454
686;11454
687;11454
688;11454
689;11454
690;11454
691;11454
692;11454
693;11454
694;11454
695;11454
696;11454
697;11454
698;11454
699;11454
700;11454
701;11454
702;11454
703;11454
704;11454
705;11416
706;11416
707;11416
708;11416
709;11416
710;11416
711;11416
712;11416
713;11416
714;11416
715;11416
716;11416
717;11416
718;11416
719;11416
720;11416
721;11416
722;11416
723;11416
724;11416
725;11416
726;11416
727;11416
728;11416
729;11416
730;11416
731;11416
732;11416
733;11416
734;11416
735;11416
736;11416
737;11416
738;11380
739;11380
740;11380
741;11380
742;11380
743;11380
744;11380
745;11380
746;11380
747;11380
748;11380
749;11380
750;11380
751;11380
752;11380
753;11380
754;11380
755;11380
756;11380
757;11380
758;11380
759;11380
760;11380
761;11365
762;11365
763;11365
764;11365
765;11365
766;11365
767;11365
768;11365
769;11365
770;11365
771;11365
772;11365
773;11365
774;11365
775;11365
776;11365
777;11365
778;11365
779;11365
780;11365
781;11365
782;11365
783;11365
784;11365
785;11365
786;11365
787;11365
788;11365
789;11365
790;11365
791;11365
792;11365
793;11365
794;11365
795;11365
796;11365
797;11365
798;11365
799;11365
800;11365
801;11365
802;11365
803;11365
804;11365
805;11365
806;11365
807;11365
808;11365
809;11365
810;11365
811;11365
812;11365
813;11365
814;11365
815;11365
816;11365
817;11365
818;11365
819;11365
820;11365
821;11365
822;11365
823;11365
824;11365
825;11365
826;11365
827;11365
828;11365
829;11365
830;11365
831;11365
832;11365
833;11365
834;11365
835;11365
836;11365
837;11365
838;11365
839;11365
840;11365
841;11365
842;11365
843;11365
844;11365
845;11365
846;11365
847;11365
848;11365
849;11365
850;11365
851;11365
852;11365
853;11365
854;11365
855;11365
856;11365
857;11365
858;11365
859;11365
860;11365
861;11365
862;11365
863;11365
864;11365
865;11365
866;11365
867;11365
868;11365
869;11365
870;11365
871;11365
872;11365
873;11365
874;11365
875;11365
876;11365
877;11365
878;11365
879;11365
880;11365
881;11365
882;11365
883;11365
884;11365
885;11365
886;11365
887;11365
888;11365
889;11365
890;11365
891;11365
892;11365
893;11365
894;11365
895;11365
896;11365
897;11365
898;11365
899;11365
900;11365
901;11365
902;11365
903;11365
904;11365
905;11365
906;11365
907;11365
908;11365
909;11365
910;11365
911;11365
912;11365
913;11365
914;11365
915;11365
916;11365
917;11365
918;11365
919;11365
920;11365
921;11365
922;11365
923;11365
924;11365
925;11365
926;11365
927;11365
928;11365
929;11365
930;11365
931;11365
932;11365
933;11365
934;11365
935;11365
936;11365
937;11365
938;11365
939;11365
940;11365
941;11365
942;11365
943;11365
944;11365
945;11365
946;11365
947;11365
948;11365
949;11365
950;11365
951;11365
952;11365
953;11365
954;11365
955;11365
956;11365
957;11365
958;11365
959;11365
960;11365
961;11365
962;11365
963;11365
964;11365
965;11365
966;11365
967;11365
968;11365
969;11365
970;11365
971;11365
972;11365
973;11365
974;11365
975;11365
976;11365
977;11365
978;11365
979;11365
980;11365
981;11365
982;11365
983;11365
984;11365
985;11365
986;11365
987;11365
988;11365
989;11365
990;11365
991;11365
992;11365
993;11365
994;11365
995;11365
996;11365
997;11365
998;11365
999;11365
1000;11365
1001;11365
1002;11365
1003;11365
1004;11365
1005;11365
1006;11365
1007;11365
1008;11365
1009;11365
1010;11365
1011;11365
1012;11365
1013;11365
1014;11365
1015;11365
1016;11365
1017;11365
1018;11365
1019;11365
1020;11365
1021;11365
1022;11365
1023;11365
1024;11365
1025;11365
1026;11365
1027;11365
1028;11365
1029;11365
1030;11365
1031;11365
1032;11365
1033;11365
1034;11365
1035;11365
1036;11365
1037;11365
1038;11365
1039;11365
1040;11365
1041;11365
1042;11365
1043;11365
1044;11365
1045;11365
1046;11365
1047;11365
1048;11365
1049;11365
1050;11365
1051;11365
1052;11365
1053;11365
1054;11365
1055;11365
1056;11365
1057;11365
1058;11365
1059;11365
1060;11365
1061;11365
1062;11365
1063;11365
1064;11365
1065;11365
1066;11365
1067;11365
1068;11365
1069;11365
1070;11365
1071;11365
1072;11365
1073;11365
1074;11365
1075;11365
1076;11365
1077;11365
1078;11365
1079;11365
1080;11365
1081;11365
1082;11365
1083;11365
1084;11365
1085;11365
1086;11365
1087;11365
1088;11365
1089;11365
1090;11365
1091;11365
1092;11365
1093;11365
1094;11365
1095;11365
1096;11365
1097;11365
1098;11365
1099;11365
1100;11365
1101;11365
1102;11365
1103;11365
1104;11365
1105;11365
1106;11365
1107;11365
1108;11365
1109;11365
1110;11365
1111;11365
1112;11365
1113;11365
1114;11365
1115;11365
1116;11365
1117;11365
1118;11365
1119;11365
1120;11365
1121;11365
1122;11365
1123;11365
1124;11365
1125;11365
1126;11365
1127;11365
1128;11365
1129;11365
1130;11365
1131;11365
1132;11365
1133;11365
1134;11365
1135;11365
1136;11365
1137;11365
1138;11365
1139;11365
1140;11365
1141;11365
1142;11365
1143;11360
1144;11360
1145;11360
1146;11360
1147;11360
1148;11360
1149;11360
1150;11360
1151;11360
1152;11360
1153;11360
1154;11360
1155;11360
1156;11360
1157;11360
1158;11360
1159;11360
1160;11360
1161;11360
1162;11360
1163;11360
1164;11357
1165;11357
1166;11357
1167;11357
1168;11357
1169;11357
1170;11357
1171;11357
1172;11357
1173;11357
1174;11357
1175;11357
1176;11357
1177;11357
1178;11357
1179;11357
1180;11357
1181;11357
1182;11357
1183;11357
1184;11357
1185;11357
1186;11357
1187;11357
1188;11357
1189;11357
1190;11357
1191;11357
1192;11357
1193;11357
1194;11357
1195;11357
1196;11357
1197;11357
1198;11357
1199;11357
1200;11357
1201;11357
1202;11357
1203;11357
1204;11357
1205;11357
1206;11357
1207;11357
1208;11357
1209;11357
1210;11357
1211;11357
1212;11357
1213;11357
1214;11357
1215;11357
1216;11357
1217;11357
1218;11357
1219;11357
1220;11357
1221;11357
1222;11357
1223;11357
1224;11357
1225;11357
1226;11357
1227;11357
1228;11357
1229;11357
1230;11357
1231;11357
1232;11357
1233;11357
1234;11357
1235;11357
1236;11357
1237;11357
1238;11357
1239;11357
1240;11357
1241;11357
1242;11357
1243;11357
1244;11357
1245;11357
1246;11357
1247;11357
1248;11357
1249;11357
1250;11357
1251;11357
1252;11357
1253;11357
1254;11357
1255;11357
1256;11357
1257;11357
1258;11357
1259;11357
1260;11357
1261;11357
1262;11357
1263;11357
1264;11357
1265;11357
1266;11357
1267;11357
1268;11357
1269;11357
1270;11357
1271;11357
1272;11357
1273;11357
1274;11357
1275;11357
1276;11357
1277;11357
1278;11357
1279;11357
1280;11357
1281;11357
1282;11357
1283;11357
1284;11357
1285;11357
1286;11357
1287;11357
1288;11357
1289;11357
1290;11357
1291;11357
1292;11357
1293;11357
1294;11357
1295;11357
1296;11357
1297;11357
1298;11357
1299;11357
1300;11357
1301;11357
1302;11357
1303;11357
1304;11357
1305;11357
1306;11357
1307;11357
1308;11357
1309;11357
1310;11357
1311;11357
1312;11357
1313;11357
1314;11357
1315;11357
1316;11357
1317;11357
1318;11357
1319;11357
1320;11357
1321;11357
1322;11357
1323;11357
1324;11357
1325;11357
1326;11357
1327;11357
1328;11357
1329;11357
1330;11357
1331;11357
1332;11357
1333;11357
1334;11357
1335;11357
1336;11357
1337;11357
1338;11357
1339;11357
1340;11357
1341;11357
1342;11357
1343;11357
1344;11357
1345;11357
1346;11357
1347;11357
1348;11357
1349;11357
1350;11357
1351;11357
1352;11357
1353;11357
1354;11357
1355;11357
1356;11357
1357;11357
1358;11357
1359;11293
1360;11293
1361;11293
1362;11288
1363;11272
1364;11272
1365;11272
1366;11217
1367;11217
1368;11217
1369;11217
1370;11217
1371;11217
1372;11217
1373;11217
1374;11217
1375;11217
1376;11217
1377;11217
1378;11217
1379;11217
1380;11217
1381;11217
1382;11217
1383;11217
1384;11217
1385;11217
1386;11217
1387;11217
1388;11217
1389;11217
1390;11217
1391;11217
1392;11217
1393;11217
1394;11191
1395;11191
1396;11191
1397;11191
1398;11191
1399;11191
1400;11191
1401;11191
1402;11191
1403;11191
1404;11191
1405;11191
1406;11191
1407;11191
1408;11191
1409;11191
1410;11191
1411;11191
1412;11191
1413;11191
1414;11191
1415;11191
1416;11191
1417;11191
1418;11191
1419;11191
1420;11191
1421;11191
1422;11191
1423;11191
1424;11191
1425;11191
1426;11191
1427;11191
1428;11172
1429;11172
1430;11172
1431;11151
1432;11151
1433;11151
1434;11151
1435;11151
1436;11151
1437;11151
1438;11151
1439;11151
1440;11151
1441;11151
1442;11151
1443;11151
1444;11151
1445;11151
1446;11151
1447;11151
1448;11151
1449;11151
1450;11151
1451;11151
1452;11151
1453;11151
1454;11151
1455;11151
1456;11151
1457;11151
1458;11151
1459;11151
1460;11151
1461;11151
1462;11151
1463;11151
1464;11151
1465;11151
1466;11151
1467;11151
1468;11151
1469;11151
1470;11151
1471;11151
1472;11151
1473;11151
1474;11151
1475;11151
1476;11151
1477;11151
1478;11151
1479;11151
1480;11151
1481;11151
1482;11151
1483;11151
1484;11151
1485;11151
1486;11085
1487;11085
1488;11085
1489;11085
1490;11085
1491;11085
1492;11085
1493;11085
1494;11085
1495;11085
1496;11085
1497;11085
1498;11085
1499;11085
1500;11085
1501;11085
1502;11085
1503;11085
1504;11085
1505;11085
1506;11085
1507;11085
1508;11085
1509;11085
1510;11085
1511;11085
1512;11085
1513;11085
1514;11085
1515;11085
1516;11085
1517;11085
1518;11085
1519;11085
1520;11085
1521;11085
1522;11085
1523;11085
1524;11085
1525;11085
1526;11085
1527;11085
1528;11085
1529;11085
1530;11085
1531;11085
1532;11085
1533;11085
1534;11085
1535;11085
1536;11085
1537;11085
1538;11085
1539;11085
1540;11085
1541;11085
1542;11085
1543;11085
1544;11085
1545;11085
1546;11085
1547;11085
1548;11085
1549;11085
1550;11085
1551;11085
1552;11085
1553;11085
1554;11085
1555;11085
1556;11085
1557;11085
1558;11085
1559;11085
1560;11085
1561;11085
1562;11085
1563;11085
1564;11085
1565;11085
1566;11085
1567;11085
1568;11085
1569;11085
1570;11085
1571;11085
1572;11085
1573;11085
1574;11085
1575;11085
1576;11085
1577;11085
1578;11085
1579;11085
1580;11085
1581;11085
1582;11085
1583;11085
1584;11085
1585;11085
1586;11085
1587;11085
1588;11085
1589;11085
1590;11085
1591;11085
1592;11085
1593;11085
1594;11085
1595;11085
1596;11085
1597;11085
1598;11085
1599;11085
1600;11085
1601;11085
1602;11085
1603;11085
1604;11085
1605;11085
1606;11085
1607;11085
1608;11085
1609;11085
1610;11085
1611;11085
1612;11085
1613;11085
1614;11085
1615;11085
1616;11085
1617;11085
1618;11085
1619;11085
1620;11085
1621;11085
1622;11085
1623;11085
1624;11085
1625;11085
1626;11085
1627;11085
1628;11085
1629;11085
1630;11085
1631;11085
1632;11085
1633;11085
1634;11085
1635;11085
1636;11085
1637;11085
1638;11085
1639;11085
1640;11085
1641;11085
1642;11085
1643;11085
1644;11085
1645;11085
1646;11085
1647;11085
1648;11085
1649;11085
1650;11085
1651;11085
1652;11085
1653;11085
1654;11085
1655;11085
1656;11085
1657;11085
1658;11085
1659;11085
1660;11085
1661;11085
1662;11085
1663;11085
1664;11085
1665;11085
1666;11085
1667;11085
1668;11085
1669;11085
1670;11085
1671;11085
1672;11060
1673;11060
1674;11060
1675;11060
1676;11060
1677;11060
1678;11060
1679;11060
1680;11060
1681;11060
1682;11060
1683;11060
1684;11060
1685;11060
1686;11060
1687;11060
1688;11060
1689;11060
1690;11060
1691;11060
1692;11060
1693;11060
1694;11060
1695;11060
1696;11060
1697;11060
1698;11060
1699;11060
1700;11060
1701;11060
1702;11060
1703;11060
1704;11060
1705;11060
1706;11060
1707;11060
1708;11060
1709;11060
1710;11060
1711;11060
1712;11060
1713;11060
1714;11060
1715;11060
1716;11060
1717;11060
1718;11060
1719;11060
1720;11060
1721;11060
1722;11060
1723;11060
1724;11060
1725;11060
1726;11060
1727;11060
1728;11060
1729;11060
1730;11060
1731;11060
1732;11060
1733;11060
1734;11060
1735;11060
1736;11060
1737;11060
1738;11060
1739;11060
1740;11060
1741;11060
1742;11060
1743;11060
1744;11060
1745;11060
1746;11060
1747;11060
1748;11060
1749;11060
1750;11060
1751;11060
1752;11060
1753;11060
1754;11060
1755;11060
1756;11060
1757;11060
1758;11060
1759;11060
1760;11060
1761;11060
1762;11060
1763;11060
1764;11060
1765;11060
1766;11060
1767;11060
1768;11060
1769;11060
1770;11060
1771;11060
1772;11060
1773;11060
1774;11060
1775;11060
1776;11060
1777;11060
1778;11060
1779;11060
1780;11060
1781;11060
1782;11060
1783;11060
1784;11060
1785;11060
1786;11060
1787;11060
1788;11060
1789;11060
1790;11060
1791;11060
1792;11060
1793;11060
1794;11060
1795;11060
1796;11060
1797;11060
1798;11060
1799;11060
1800;11060
1801;11060
1802;11060
1803;11060
1804;11060
1805;11060
1806;11060
1807;11060
1808;11060
1809;11060
1810;11060
1811;11060
1812;11060
1813;11060
1814;11060
1815;11060
1816;11060
1817;11060
1818;11060
1819;11060
1820;11060
1821;11060
1822;11060
1823;11060
1824;11060
1825;11060
1826;11060
1827;11060
1828;11060
1829;11060
1830;11060
1831;11060
1832;11060
1833;11060
1834;11060
1835;11060
1836;11060
1837;11060
1838;11024
1839;11024
1840;11024
1841;11024
1842;11024
1843;11024
1844;11024
1845;11024
1846;11024
1847;11024
1848;11024
1849;11024
1850;11024
1851;11024
1852;11024
1853;11024
1854;11024
1855;11024
1856;11024
1857;11024
1858;11024
1859;11024
1860;11024
1861;11024
1862;11024
1863;11024
1864;11024
1865;11024
1866;11024
1867;11024
1868;11024
1869;11024
1870;11024
1871;11024
1872;11024
1873;11024
1874;11024
1875;11024
1876;11024
1877;11024
1878;11024
1879;11024
1880;11024
1881;11024
1882;11024
1883;11024
1884;11024
1885;11024
1886;11024
1887;11024
1888;11024
1889;11024
1890;11024
1891;11024
1892;11024
1893;11024
1894;11024
1895;11024
1896;11024
1897;11024
1898;11024
1899;11024
1900;11024
1901;11024
1902;11024
1903;11024
1904;11024
1905;11024
1906;11024
1907;11024
1908;11024
1909;11024
1910;11024
1911;11024
1912;11024
1913;11024
1914;11024
1915;11024
1916;11024
1917;11024
1918;11024
1919;11024
1920;11024
1921;11024
1922;11024
1923;11024
1924;11024
1925;11024
1926;11024
1927;11024
1928;11024
1929;11024
1930;11024
1931;11024
1932;11024
1933;11024
1934;11024
1935;11024
1936;11024
1937;11024
1938;11024
1939;11024
1940;11024
1941;11024
1942;11024
1943;11024
1944;11024
1945;11024
1946;11024
1947;11024
1948;11024
1949;11024
1950;11024
1951;11024
1952;11024
1953;11024
1954;11024
1955;11024
1956;11024
1957;11024
1958;10988
1959;10988
1960;10988
1961;10988
1962;10943
1963;10943
1964;10943
1965;10943
1966;10943
1967;10943
1968;10943
1969;10943
1970;10943
1971;10943
1972;10943
1973;10943
1974;10943
1975;10943
1976;10943
1977;10943
1978;10943
1979;10943
1980;10943
1981;10943
1982;10943
1983;10943
1984;10943
1985;10943
1986;10943
1987;10943
1988;10943
1989;10943
1990;10943
1991;10943
1992;10943
1993;10943
1994;10943
1995;10943
1996;10943
1997;10943
1998;10943
1999;10943
2000;10943
