generacja;koszt_scierzki
1;23528
2;23528
3;23193
4;22808
5;22605
6;22216
7;22119
8;21893
9;21347
10;21347
11;20452
12;20452
13;20452
14;20000
15;20000
16;19588
17;19541
18;19334
19;19262
20;19167
21;19086
22;18757
23;18644
24;18544
25;18459
26;18068
27;17706
28;17531
29;17531
30;17491
31;17413
32;17168
33;16697
34;16697
35;16697
36;16644
37;16543
38;16409
39;16291
40;15979
41;15979
42;15979
43;15875
44;15268
45;15268
46;15268
47;15108
48;15104
49;14976
50;14885
51;14748
52;14614
53;14459
54;14459
55;14459
56;14326
57;14326
58;14149
59;14103
60;13871
61;13871
62;13775
63;13490
64;13427
65;13413
66;13318
67;13214
68;13146
69;12993
70;12933
71;12815
72;12815
73;12665
74;12628
75;12509
76;12509
77;12418
78;12364
79;12364
80;12335
81;12335
82;12300
83;12242
84;12232
85;12172
86;12172
87;12121
88;12118
89;12067
90;12067
91;12052
92;11929
93;11929
94;11929
95;11901
96;11886
97;11886
98;11873
99;11873
100;11845
101;11845
102;11825
103;11810
104;11785
105;11785
106;11784
107;11735
108;11707
109;11667
110;11617
111;11589
112;11504
113;11504
114;11494
115;11454
116;11449
117;11404
118;11392
119;11351
120;11350
121;11350
122;11263
123;11260
124;11249
125;11159
126;11159
127;11125
128;11125
129;11099
130;11099
131;11099
132;11099
133;11099
134;11082
135;11082
136;11052
137;11038
138;11027
139;11027
140;11023
141;10998
142;10971
143;10946
144;10904
145;10876
146;10872
147;10848
148;10824
149;10758
150;10758
151;10701
152;10686
153;10652
154;10641
155;10641
156;10641
157;10641
158;10641
159;10641
160;10641
161;10641
162;10641
163;10631
164;10631
165;10623
166;10509
167;10428
168;10428
169;10418
170;10410
171;10331
172;10331
173;10247
174;10247
175;10247
176;10247
177;10247
178;10237
179;10237
180;10203
181;10203
182;10203
183;10193
184;10193
185;10193
186;10179
187;10179
188;10179
189;10179
190;10179
191;10179
192;10179
193;10179
194;10179
195;10179
196;10179
197;10179
198;10179
199;10125
200;10100
201;10077
202;10077
203;10077
204;10077
205;10077
206;10077
207;10077
208;10053
209;10053
210;9978
211;9937
212;9937
213;9915
214;9911
215;9911
216;9911
217;9889
218;9887
219;9883
220;9861
221;9861
222;9861
223;9861
224;9861
225;9861
226;9861
227;9861
228;9861
229;9861
230;9861
231;9861
232;9861
233;9861
234;9861
235;9861
236;9861
237;9861
238;9861
239;9861
240;9861
241;9861
242;9861
243;9861
244;9861
245;9861
246;9861
247;9861
248;9861
249;9861
250;9861
251;9861
252;9796
253;9796
254;9796
255;9754
256;9754
257;9754
258;9754
259;9730
260;9730
261;9730
262;9730
263;9730
264;9721
265;9721
266;9656
267;9656
268;9656
269;9656
270;9656
271;9656
272;9656
273;9656
274;9656
275;9619
276;9619
277;9619
278;9619
279;9619
280;9619
281;9571
282;9571
283;9571
284;9571
285;9571
286;9571
287;9571
288;9571
289;9571
290;9571
291;9571
292;9571
293;9482
294;9482
295;9482
296;9482
297;9482
298;9482
299;9482
300;9471
301;9471
302;9466
303;9466
304;9466
305;9453
306;9453
307;9453
308;9453
309;9406
310;9406
311;9406
312;9328
313;9328
314;9300
315;9276
316;9263
317;9263
318;9248
319;9221
320;9221
321;9201
322;9187
323;9187
324;9187
325;9187
326;9187
327;9147
328;9147
329;9147
330;9147
331;9147
332;9147
333;9147
334;9147
335;9147
336;9147
337;9147
338;9147
339;9147
340;9147
341;9147
342;9147
343;9147
344;9147
345;9147
346;9147
347;9147
348;9147
349;9147
350;9147
351;9147
352;9147
353;9147
354;9147
355;9147
356;9147
357;9147
358;9147
359;9096
360;9096
361;9096
362;9083
363;9061
364;9061
365;9061
366;9061
367;9056
368;9056
369;9056
370;9056
371;9053
372;9031
373;9031
374;9031
375;9031
376;9031
377;9031
378;9031
379;8982
380;8982
381;8982
382;8982
383;8921
384;8921
385;8921
386;8921
387;8921
388;8921
389;8921
390;8921
391;8921
392;8921
393;8921
394;8921
395;8921
396;8921
397;8921
398;8921
399;8921
400;8921
401;8921
402;8921
403;8921
404;8921
405;8921
406;8921
407;8921
408;8921
409;8921
410;8921
411;8921
412;8921
413;8921
414;8921
415;8921
416;8921
417;8921
418;8921
419;8921
420;8919
421;8919
422;8919
423;8907
424;8907
425;8907
426;8907
427;8869
428;8869
429;8869
430;8867
431;8824
432;8824
433;8824
434;8822
435;8822
436;8822
437;8822
438;8754
439;8754
440;8754
441;8754
442;8754
443;8754
444;8754
445;8754
446;8754
447;8754
448;8754
449;8754
450;8754
451;8754
452;8744
453;8744
454;8744
455;8744
456;8739
457;8739
458;8739
459;8739
460;8739
461;8739
462;8739
463;8739
464;8739
465;8739
466;8739
467;8739
468;8739
469;8739
470;8739
471;8739
472;8739
473;8739
474;8739
475;8739
476;8739
477;8739
478;8739
479;8739
480;8739
481;8739
482;8739
483;8739
484;8739
485;8739
486;8739
487;8657
488;8657
489;8657
490;8657
491;8650
492;8650
493;8650
494;8650
495;8650
496;8650
497;8650
498;8650
499;8650
500;8650
501;8650
502;8650
503;8650
504;8650
505;8650
506;8650
507;8650
508;8650
509;8650
510;8650
511;8650
512;8650
513;8650
514;8631
515;8631
516;8487
517;8487
518;8487
519;8487
520;8487
521;8487
522;8487
523;8487
524;8487
525;8487
526;8487
527;8487
528;8487
529;8487
530;8487
531;8487
532;8487
533;8487
534;8487
535;8487
536;8487
537;8487
538;8487
539;8487
540;8487
541;8479
542;8479
543;8479
544;8479
545;8479
546;8479
547;8479
548;8479
549;8479
550;8479
551;8479
552;8479
553;8464
554;8464
555;8464
556;8464
557;8464
558;8464
559;8464
560;8464
561;8464
562;8464
563;8464
564;8464
565;8464
566;8464
567;8464
568;8464
569;8459
570;8459
571;8449
572;8449
573;8449
574;8449
575;8438
576;8438
577;8435
578;8435
579;8410
580;8410
581;8407
582;8394
583;8394
584;8394
585;8394
586;8394
587;8394
588;8394
589;8394
590;8394
591;8394
592;8394
593;8394
594;8394
595;8394
596;8394
597;8394
598;8394
599;8394
600;8394
601;8394
602;8394
603;8394
604;8394
605;8394
606;8394
607;8394
608;8394
609;8394
610;8394
611;8394
612;8394
613;8394
614;8394
615;8394
616;8394
617;8394
618;8394
619;8394
620;8394
621;8394
622;8394
623;8394
624;8394
625;8394
626;8394
627;8394
628;8394
629;8394
630;8394
631;8394
632;8394
633;8394
634;8394
635;8394
636;8394
637;8394
638;8394
639;8394
640;8394
641;8394
642;8394
643;8394
644;8394
645;8394
646;8394
647;8394
648;8394
649;8394
650;8394
651;8394
652;8394
653;8394
654;8394
655;8394
656;8394
657;8394
658;8394
659;8394
660;8394
661;8394
662;8394
663;8392
664;8392
665;8392
666;8390
667;8390
668;8390
669;8350
670;8344
671;8344
672;8344
673;8344
674;8342
675;8342
676;8342
677;8342
678;8342
679;8342
680;8342
681;8342
682;8342
683;8342
684;8342
685;8342
686;8342
687;8342
688;8342
689;8342
690;8342
691;8342
692;8342
693;8342
694;8342
695;8320
696;8320
697;8320
698;8320
699;8320
700;8320
701;8320
702;8320
703;8320
704;8320
705;8320
706;8258
707;8258
708;8258
709;8245
710;8245
711;8244
712;8244
713;8244
714;8244
715;8241
716;8241
717;8156
718;8156
719;8153
720;8153
721;8145
722;8145
723;8145
724;8145
725;8141
726;8141
727;8138
728;8138
729;8138
730;8138
731;8138
732;8138
733;8138
734;8138
735;8138
736;8138
737;8138
738;8138
739;8138
740;8138
741;8138
742;8138
743;8138
744;8138
745;8138
746;8138
747;8138
748;8138
749;8138
750;8138
751;8138
752;8138
753;8138
754;8138
755;8138
756;8138
757;8138
758;8138
759;8138
760;8138
761;8138
762;8138
763;8138
764;8138
765;8138
766;8138
767;8138
768;8138
769;8138
770;8138
771;8138
772;8138
773;8138
774;8138
775;8138
776;8138
777;8138
778;8138
779;8138
780;8138
781;8138
782;8138
783;8138
784;8138
785;8138
786;8138
787;8138
788;8138
789;8138
790;8138
791;8138
792;8138
793;8138
794;8138
795;8138
796;8138
797;8138
798;8138
799;8138
800;8138
801;8138
802;8138
803;8138
804;8138
805;8138
806;8138
807;8138
808;8138
809;8138
810;8138
811;8092
812;8092
813;8092
814;8092
815;8092
816;8092
817;8092
818;8092
819;8092
820;8092
821;8092
822;8092
823;8092
824;8092
825;8058
826;8058
827;8058
828;8058
829;8058
830;8058
831;8058
832;8058
833;8058
834;8058
835;8058
836;8058
837;8058
838;8058
839;8058
840;8058
841;8058
842;8058
843;8058
844;8058
845;8058
846;8058
847;8058
848;8058
849;8058
850;8058
851;8058
852;8058
853;8058
854;8058
855;8058
856;8058
857;8058
858;8058
859;8058
860;8058
861;8058
862;8058
863;8058
864;8058
865;8058
866;8058
867;8058
868;8058
869;8058
870;8058
871;8058
872;8058
873;8058
874;8058
875;8058
876;8058
877;8058
878;8058
879;8058
880;8058
881;8058
882;8058
883;8058
884;8058
885;8058
886;8058
887;8058
888;8058
889;8058
890;8058
891;8058
892;8058
893;8058
894;8058
895;8058
896;8058
897;8058
898;8058
899;8058
900;8058
901;8058
902;8058
903;8058
904;8058
905;8058
906;8058
907;8058
908;8058
909;8058
910;8058
911;8058
912;8058
913;8058
914;8058
915;8058
916;8058
917;8058
918;8058
919;8058
920;8058
921;8058
922;8058
923;8058
924;8058
925;8058
926;8058
927;8058
928;8058
929;8058
930;8058
931;8046
932;8043
933;8043
934;8043
935;8027
936;8027
937;8027
938;8027
939;8003
940;8003
941;7961
942;7956
943;7954
944;7953
945;7953
946;7953
947;7953
948;7953
949;7953
950;7953
951;7953
952;7953
953;7953
954;7953
955;7953
956;7953
957;7953
958;7953
959;7953
960;7953
961;7953
962;7953
963;7953
964;7953
965;7953
966;7953
967;7953
968;7953
969;7953
970;7953
971;7953
972;7953
973;7953
974;7953
975;7953
976;7953
977;7953
978;7953
979;7953
980;7953
981;7953
982;7953
983;7953
984;7953
985;7953
986;7953
987;7953
988;7953
989;7953
990;7953
991;7953
992;7953
993;7953
994;7953
995;7953
996;7953
997;7953
998;7953
999;7953
1000;7953
1001;7953
1002;7953
1003;7953
1004;7953
1005;7953
1006;7953
1007;7953
1008;7953
1009;7953
1010;7953
1011;7953
1012;7953
1013;7953
1014;7953
1015;7953
1016;7953
1017;7953
1018;7953
1019;7953
1020;7953
1021;7953
1022;7953
1023;7953
1024;7953
1025;7953
1026;7953
1027;7953
1028;7953
1029;7953
1030;7953
1031;7953
1032;7953
1033;7953
1034;7953
1035;7920
1036;7920
1037;7920
1038;7920
1039;7920
1040;7920
1041;7920
1042;7920
1043;7920
1044;7920
1045;7920
1046;7920
1047;7920
1048;7920
1049;7920
1050;7920
1051;7920
1052;7920
1053;7920
1054;7920
1055;7920
1056;7920
1057;7920
1058;7920
1059;7920
1060;7920
1061;7920
1062;7920
1063;7920
1064;7920
1065;7920
1066;7920
1067;7920
1068;7920
1069;7920
1070;7920
1071;7920
1072;7920
1073;7920
1074;7920
1075;7920
1076;7920
1077;7920
1078;7920
1079;7920
1080;7920
1081;7920
1082;7920
1083;7920
1084;7920
1085;7920
1086;7920
1087;7920
1088;7920
1089;7920
1090;7920
1091;7920
1092;7920
1093;7920
1094;7920
1095;7920
1096;7920
1097;7920
1098;7902
1099;7902
1100;7902
1101;7902
1102;7830
1103;7830
1104;7830
1105;7816
1106;7816
1107;7816
1108;7816
1109;7816
1110;7816
1111;7816
1112;7816
1113;7816
1114;7816
1115;7816
1116;7816
1117;7816
1118;7816
1119;7816
1120;7816
1121;7816
1122;7816
1123;7816
1124;7809
1125;7809
1126;7809
1127;7809
1128;7809
1129;7809
1130;7809
1131;7809
1132;7809
1133;7809
1134;7809
1135;7809
1136;7809
1137;7809
1138;7809
1139;7809
1140;7809
1141;7809
1142;7809
1143;7809
1144;7809
1145;7809
1146;7809
1147;7809
1148;7809
1149;7809
1150;7809
1151;7809
1152;7809
1153;7809
1154;7809
1155;7809
1156;7809
1157;7809
1158;7809
1159;7809
1160;7809
1161;7809
1162;7809
1163;7809
1164;7809
1165;7809
1166;7809
1167;7809
1168;7809
1169;7809
1170;7809
1171;7809
1172;7809
1173;7809
1174;7809
1175;7809
1176;7809
1177;7809
1178;7809
1179;7809
1180;7809
1181;7809
1182;7809
1183;7790
1184;7790
1185;7770
1186;7743
1187;7743
1188;7743
1189;7743
1190;7741
1191;7741
1192;7715
1193;7715
1194;7693
1195;7693
1196;7693
1197;7667
1198;7667
1199;7667
1200;7667
1201;7667
1202;7667
1203;7667
1204;7667
1205;7667
1206;7667
1207;7667
1208;7667
1209;7667
1210;7667
1211;7667
1212;7667
1213;7667
1214;7667
1215;7667
1216;7667
1217;7667
1218;7667
1219;7667
1220;7667
1221;7667
1222;7667
1223;7667
1224;7667
1225;7667
1226;7667
1227;7667
1228;7667
1229;7667
1230;7667
1231;7667
1232;7667
1233;7667
1234;7667
1235;7667
1236;7667
1237;7667
1238;7667
1239;7667
1240;7667
1241;7667
1242;7667
1243;7667
1244;7667
1245;7667
1246;7667
1247;7667
1248;7667
1249;7667
1250;7667
1251;7667
1252;7667
1253;7667
1254;7667
1255;7667
1256;7667
1257;7667
1258;7667
1259;7667
1260;7667
1261;7667
1262;7667
1263;7667
1264;7667
1265;7667
1266;7667
1267;7667
1268;7667
1269;7667
1270;7667
1271;7667
1272;7667
1273;7667
1274;7667
1275;7667
1276;7667
1277;7667
1278;7667
1279;7667
1280;7667
1281;7667
1282;7667
1283;7667
1284;7667
1285;7667
1286;7667
1287;7667
1288;7667
1289;7667
1290;7667
1291;7622
1292;7622
1293;7622
1294;7622
1295;7622
1296;7622
1297;7622
1298;7622
1299;7622
1300;7622
1301;7622
1302;7622
1303;7622
1304;7622
1305;7622
1306;7622
1307;7622
1308;7622
1309;7622
1310;7622
1311;7622
1312;7622
1313;7622
1314;7622
1315;7622
1316;7622
1317;7622
1318;7622
1319;7622
1320;7622
1321;7622
1322;7622
1323;7622
1324;7622
1325;7622
1326;7622
1327;7622
1328;7622
1329;7622
1330;7622
1331;7622
1332;7622
1333;7622
1334;7622
1335;7622
1336;7622
1337;7622
1338;7622
1339;7622
1340;7622
1341;7622
1342;7622
1343;7622
1344;7622
1345;7622
1346;7622
1347;7622
1348;7622
1349;7622
1350;7622
1351;7622
1352;7622
1353;7622
1354;7622
1355;7622
1356;7622
1357;7622
1358;7622
1359;7622
1360;7622
1361;7622
1362;7622
1363;7622
1364;7622
1365;7622
1366;7622
1367;7622
1368;7622
1369;7622
1370;7622
1371;7622
1372;7622
1373;7622
1374;7622
1375;7622
1376;7622
1377;7622
1378;7622
1379;7622
1380;7622
1381;7622
1382;7622
1383;7622
1384;7622
1385;7622
1386;7622
1387;7622
1388;7622
1389;7622
1390;7622
1391;7622
1392;7622
1393;7622
1394;7622
1395;7622
1396;7622
1397;7622
1398;7622
1399;7622
1400;7622
1401;7622
1402;7622
1403;7622
1404;7622
1405;7622
1406;7622
1407;7622
1408;7622
1409;7622
1410;7622
1411;7622
1412;7622
1413;7622
1414;7622
1415;7622
1416;7622
1417;7622
1418;7622
1419;7622
1420;7622
1421;7622
1422;7622
1423;7622
1424;7622
1425;7622
1426;7622
1427;7622
1428;7622
1429;7622
1430;7622
1431;7621
1432;7621
1433;7621
1434;7621
1435;7621
1436;7621
1437;7621
1438;7621
1439;7619
1440;7619
1441;7619
1442;7619
1443;7619
1444;7619
1445;7619
1446;7619
1447;7603
1448;7603
1449;7603
1450;7603
1451;7603
1452;7603
1453;7603
1454;7603
1455;7603
1456;7603
1457;7603
1458;7603
1459;7603
1460;7603
1461;7603
1462;7603
1463;7603
1464;7603
1465;7603
1466;7603
1467;7603
1468;7603
1469;7603
1470;7603
1471;7603
1472;7603
1473;7603
1474;7603
1475;7603
1476;7603
1477;7603
1478;7603
1479;7603
1480;7603
1481;7603
1482;7603
1483;7603
1484;7603
1485;7603
1486;7603
1487;7603
1488;7603
1489;7603
1490;7603
1491;7603
1492;7603
1493;7603
1494;7589
1495;7589
1496;7589
1497;7589
1498;7589
1499;7589
1500;7589
1501;7589
1502;7589
1503;7589
1504;7589
1505;7589
1506;7589
1507;7589
1508;7589
1509;7589
1510;7589
1511;7589
1512;7589
1513;7553
1514;7553
1515;7553
1516;7553
1517;7553
1518;7553
1519;7553
1520;7553
1521;7553
1522;7553
1523;7553
1524;7553
1525;7553
1526;7553
1527;7553
1528;7553
1529;7553
1530;7553
1531;7553
1532;7553
1533;7553
1534;7553
1535;7553
1536;7553
1537;7553
1538;7553
1539;7553
1540;7553
1541;7553
1542;7553
1543;7553
1544;7553
1545;7553
1546;7553
1547;7553
1548;7553
1549;7553
1550;7553
1551;7553
1552;7553
1553;7553
1554;7553
1555;7553
1556;7553
1557;7553
1558;7553
1559;7553
1560;7553
1561;7553
1562;7553
1563;7553
1564;7553
1565;7553
1566;7553
1567;7553
1568;7553
1569;7553
1570;7553
1571;7553
1572;7553
1573;7553
1574;7553
1575;7553
1576;7553
1577;7553
1578;7553
1579;7553
1580;7553
1581;7553
1582;7553
1583;7553
1584;7553
1585;7553
1586;7553
1587;7553
1588;7553
1589;7553
1590;7553
1591;7553
1592;7553
1593;7553
1594;7553
1595;7553
1596;7553
1597;7553
1598;7553
1599;7553
1600;7553
1601;7553
1602;7553
1603;7553
1604;7553
1605;7553
1606;7553
1607;7553
1608;7553
1609;7553
1610;7553
1611;7553
1612;7553
1613;7553
1614;7553
1615;7553
1616;7553
1617;7553
1618;7553
1619;7553
1620;7553
1621;7553
1622;7553
1623;7553
1624;7553
1625;7553
1626;7553
1627;7553
1628;7553
1629;7553
1630;7553
1631;7553
1632;7553
1633;7553
1634;7553
1635;7553
1636;7553
1637;7553
1638;7553
1639;7553
1640;7553
1641;7553
1642;7553
1643;7553
1644;7553
1645;7553
1646;7553
1647;7553
1648;7553
1649;7553
1650;7553
1651;7553
1652;7553
1653;7553
1654;7553
1655;7553
1656;7553
1657;7553
1658;7553
1659;7553
1660;7553
1661;7553
1662;7553
1663;7553
1664;7553
1665;7553
1666;7553
1667;7553
1668;7553
1669;7553
1670;7553
1671;7553
1672;7553
1673;7553
1674;7553
1675;7553
1676;7553
1677;7553
1678;7553
1679;7553
1680;7553
1681;7553
1682;7553
1683;7553
1684;7553
1685;7553
1686;7553
1687;7553
1688;7553
1689;7553
1690;7553
1691;7553
1692;7553
1693;7553
1694;7553
1695;7553
1696;7553
1697;7553
1698;7553
1699;7553
1700;7553
1701;7553
1702;7553
1703;7553
1704;7553
1705;7553
1706;7553
1707;7553
1708;7553
1709;7553
1710;7553
1711;7553
1712;7553
1713;7553
1714;7553
1715;7553
1716;7553
1717;7553
1718;7553
1719;7553
1720;7553
1721;7553
1722;7553
1723;7553
1724;7553
1725;7553
1726;7553
1727;7553
1728;7553
1729;7553
1730;7553
1731;7553
1732;7553
1733;7553
1734;7553
1735;7553
1736;7553
1737;7553
1738;7553
1739;7553
1740;7553
1741;7553
1742;7553
1743;7553
1744;7553
1745;7553
1746;7553
1747;7553
1748;7553
1749;7553
1750;7553
1751;7553
1752;7553
1753;7553
1754;7553
1755;7553
1756;7553
1757;7553
1758;7553
1759;7553
1760;7553
1761;7553
1762;7553
1763;7553
1764;7553
1765;7553
1766;7553
1767;7553
1768;7553
1769;7553
1770;7553
1771;7553
1772;7553
1773;7553
1774;7553
1775;7553
1776;7553
1777;7553
1778;7553
1779;7553
1780;7553
1781;7553
1782;7553
1783;7553
1784;7553
1785;7553
1786;7553
1787;7553
1788;7553
1789;7553
1790;7553
1791;7553
1792;7553
1793;7553
1794;7553
1795;7553
1796;7553
1797;7553
1798;7553
1799;7553
1800;7553
1801;7553
1802;7553
1803;7553
1804;7553
1805;7553
1806;7553
1807;7553
1808;7553
1809;7553
1810;7553
1811;7553
1812;7553
1813;7553
1814;7553
1815;7553
1816;7553
1817;7553
1818;7553
1819;7553
1820;7553
1821;7553
1822;7553
1823;7553
1824;7553
1825;7553
1826;7553
1827;7553
1828;7553
1829;7553
1830;7553
1831;7553
1832;7553
1833;7553
1834;7553
1835;7553
1836;7553
1837;7553
1838;7553
1839;7553
1840;7553
1841;7553
1842;7553
1843;7553
1844;7553
1845;7553
1846;7553
1847;7553
1848;7553
1849;7553
1850;7553
1851;7553
1852;7553
1853;7553
1854;7553
1855;7553
1856;7553
1857;7553
1858;7553
1859;7553
1860;7553
1861;7553
1862;7553
1863;7553
1864;7553
1865;7553
1866;7553
1867;7553
1868;7553
1869;7553
1870;7553
1871;7553
1872;7553
1873;7553
1874;7553
1875;7524
1876;7524
1877;7524
1878;7506
1879;7474
1880;7474
1881;7474
1882;7474
1883;7474
1884;7474
1885;7474
1886;7474
1887;7474
1888;7474
1889;7474
1890;7474
1891;7474
1892;7474
1893;7474
1894;7474
1895;7474
1896;7474
1897;7474
1898;7474
1899;7474
1900;7474
1901;7474
1902;7474
1903;7474
1904;7474
1905;7474
1906;7474
1907;7474
1908;7474
1909;7474
1910;7474
1911;7474
1912;7474
1913;7474
1914;7474
1915;7474
1916;7474
1917;7474
1918;7474
1919;7474
1920;7474
1921;7474
1922;7474
1923;7474
1924;7474
1925;7474
1926;7474
1927;7474
1928;7474
1929;7474
1930;7474
1931;7474
1932;7474
1933;7474
1934;7474
1935;7474
1936;7474
1937;7474
1938;7474
1939;7474
1940;7474
1941;7474
1942;7474
1943;7474
1944;7474
1945;7474
1946;7474
1947;7474
1948;7474
1949;7474
1950;7474
1951;7474
1952;7474
1953;7474
1954;7474
1955;7447
1956;7447
1957;7447
1958;7447
1959;7447
1960;7447
1961;7447
1962;7447
1963;7447
1964;7447
1965;7447
1966;7447
1967;7447
1968;7447
1969;7447
1970;7447
1971;7447
1972;7447
1973;7447
1974;7447
1975;7447
1976;7447
1977;7447
1978;7447
1979;7447
1980;7447
1981;7447
1982;7447
1983;7447
1984;7447
1985;7447
1986;7447
1987;7447
1988;7447
1989;7447
1990;7447
1991;7447
1992;7447
1993;7447
1994;7447
1995;7447
1996;7447
1997;7447
1998;7447
1999;7447
2000;7447
