generacja;koszt_scierzki
1;23845
2;23211
3;23061
4;22587
5;22219
6;21640
7;21274
8;21274
9;20999
10;20803
11;20425
12;20425
13;20076
14;19602
15;19259
16;19071
17;18614
18;18614
19;18185
20;18185
21;18185
22;17675
23;17675
24;17675
25;17532
26;17173
27;16899
28;16576
29;16568
30;16381
31;16353
32;16136
33;15857
34;15857
35;15814
36;15618
37;15579
38;15432
39;15395
40;15248
41;15054
42;15054
43;14972
44;14872
45;14816
46;14661
47;14661
48;14541
49;14541
50;14441
51;14371
52;14086
53;14086
54;14086
55;14023
56;14023
57;13978
58;13978
59;13895
60;13881
61;13786
62;13717
63;13651
64;13628
65;13547
66;13442
67;13228
68;13228
69;13228
70;13070
71;13070
72;12957
73;12912
74;12786
75;12654
76;12613
77;12485
78;12393
79;12239
80;12149
81;12149
82;12122
83;12036
84;11950
85;11916
86;11778
87;11778
88;11751
89;11693
90;11693
91;11546
92;11396
93;11396
94;11348
95;11229
96;11107
97;11075
98;11038
99;10939
100;10939
101;10799
102;10710
103;10710
104;10596
105;10535
106;10535
107;10533
108;10425
109;10340
110;10340
111;10250
112;10250
113;10215
114;10104
115;10096
116;10096
117;9932
118;9842
119;9842
120;9790
121;9787
122;9698
123;9629
124;9629
125;9547
126;9547
127;9547
128;9522
129;9481
130;9382
131;9381
132;9310
133;9307
134;9204
135;9194
136;9085
137;9085
138;8981
139;8981
140;8934
141;8746
142;8746
143;8746
144;8640
145;8640
146;8616
147;8458
148;8458
149;8442
150;8379
151;8371
152;8312
153;8298
154;8200
155;8200
156;8186
157;8159
158;8124
159;7917
160;7917
161;7917
162;7869
163;7848
164;7799
165;7799
166;7795
167;7794
168;7709
169;7709
170;7689
171;7689
172;7664
173;7634
174;7587
175;7570
176;7541
177;7454
178;7409
179;7409
180;7281
181;7281
182;7281
183;7218
184;7141
185;7141
186;7141
187;7114
188;7044
189;6988
190;6956
191;6952
192;6917
193;6917
194;6900
195;6873
196;6859
197;6859
198;6844
199;6818
200;6818
201;6798
202;6767
203;6720
204;6706
205;6665
206;6588
207;6588
208;6588
209;6522
210;6522
211;6504
212;6500
213;6500
214;6458
215;6458
216;6458
217;6444
218;6404
219;6404
220;6378
221;6339
222;6339
223;6339
224;6328
225;6289
226;6261
227;6261
228;6211
229;6211
230;6153
231;6153
232;6147
233;6147
234;6113
235;6113
236;6113
237;6096
238;6080
239;6080
240;6080
241;6062
242;6029
243;6028
244;6020
245;6020
246;6019
247;5987
248;5986
249;5986
250;5979
251;5979
252;5979
253;5967
254;5967
255;5967
256;5944
257;5944
258;5926
259;5926
260;5926
261;5907
262;5860
263;5860
264;5860
265;5853
266;5827
267;5827
268;5827
269;5819
270;5819
271;5799
272;5799
273;5756
274;5756
275;5748
276;5720
277;5720
278;5716
279;5698
280;5678
281;5678
282;5678
283;5678
284;5658
285;5658
286;5649
287;5649
288;5620
289;5604
290;5560
291;5560
292;5560
293;5524
294;5524
295;5510
296;5510
297;5489
298;5477
299;5474
300;5474
301;5451
302;5439
303;5433
304;5433
305;5421
306;5421
307;5415
308;5415
309;5396
310;5393
311;5393
312;5378
313;5378
314;5372
315;5364
316;5350
317;5350
318;5326
319;5326
320;5314
321;5296
322;5296
323;5296
324;5296
325;5296
326;5293
327;5279
328;5268
329;5263
330;5263
331;5251
332;5233
333;5221
334;5221
335;5219
336;5217
337;5217
338;5210
339;5195
340;5195
341;5195
342;5192
343;5192
344;5184
345;5184
346;5184
347;5184
348;5180
349;5180
350;5180
351;5180
352;5180
353;5180
354;5180
355;5180
356;5180
357;5180
358;5180
359;5180
360;5180
361;5180
362;5150
363;5150
364;5150
365;5150
366;5150
367;5150
368;5150
369;5142
370;5142
371;5142
372;5142
373;5142
374;5142
375;5142
376;5142
377;5142
378;5142
379;5142
380;5142
381;5142
382;5142
383;5142
384;5142
385;5142
386;5142
387;5142
388;5142
389;5142
390;5142
391;5142
392;5142
393;5142
394;5142
395;5142
396;5142
397;5142
398;5142
399;5142
400;5140
401;5140
402;5140
403;5140
404;5140
405;5074
406;5074
407;5074
408;5074
409;5074
410;5068
411;5068
412;5067
413;5067
414;5067
415;5067
416;5061
417;5061
418;5061
419;5061
420;5061
421;5061
422;5061
423;5061
424;5061
425;5061
426;5061
427;5061
428;5061
429;5061
430;5061
431;5061
432;5061
433;5061
434;5046
435;5046
436;5046
437;5046
438;5046
439;5046
440;5046
441;5046
442;5046
443;5046
444;5046
445;5046
446;5046
447;5046
448;5046
449;5046
450;5046
451;5021
452;5021
453;5021
454;5021
455;5012
456;5012
457;5012
458;5012
459;5012
460;5012
461;5012
462;5012
463;5012
464;5012
465;5012
466;5012
467;5012
468;5012
469;5012
470;5012
471;5012
472;5012
473;5012
474;5012
475;5012
476;5012
477;5012
478;5012
479;5012
480;5012
481;5012
482;5012
483;5012
484;5012
485;5012
486;4996
487;4996
488;4996
489;4996
490;4996
491;4996
492;4996
493;4996
494;4996
495;4996
496;4996
497;4996
498;4996
499;4996
500;4996
501;4996
502;4996
503;4996
504;4996
505;4996
506;4996
507;4996
508;4996
509;4996
510;4996
511;4996
512;4996
513;4996
514;4996
515;4996
516;4996
517;4996
518;4996
519;4996
520;4996
521;4996
522;4996
523;4996
524;4996
525;4996
526;4996
527;4996
528;4996
529;4996
530;4996
531;4960
532;4960
533;4960
534;4960
535;4960
536;4960
537;4960
538;4960
539;4960
540;4960
541;4960
542;4960
543;4960
544;4960
545;4960
546;4960
547;4960
548;4960
549;4960
550;4960
551;4960
552;4960
553;4960
554;4960
555;4960
556;4960
557;4960
558;4960
559;4960
560;4960
561;4960
562;4960
563;4960
564;4960
565;4960
566;4960
567;4960
568;4960
569;4960
570;4960
571;4960
572;4960
573;4960
574;4960
575;4960
576;4960
577;4960
578;4960
579;4946
580;4946
581;4946
582;4946
583;4946
584;4946
585;4946
586;4946
587;4946
588;4946
589;4946
590;4946
591;4946
592;4946
593;4946
594;4946
595;4946
596;4946
597;4946
598;4946
599;4946
600;4946
601;4946
602;4946
603;4946
604;4946
605;4946
606;4946
607;4946
608;4946
609;4946
610;4946
611;4946
612;4946
613;4946
614;4946
615;4946
616;4946
617;4946
618;4946
619;4946
620;4946
621;4946
622;4946
623;4946
624;4946
625;4946
626;4946
627;4946
628;4946
629;4946
630;4946
631;4946
632;4946
633;4946
634;4946
635;4946
636;4946
637;4946
638;4946
639;4946
640;4946
641;4946
642;4946
643;4946
644;4946
645;4946
646;4946
647;4946
648;4946
649;4946
650;4946
651;4946
652;4946
653;4946
654;4946
655;4946
656;4946
657;4946
658;4946
659;4946
660;4946
661;4946
662;4946
663;4946
664;4946
665;4946
666;4946
667;4946
668;4946
669;4946
670;4946
671;4946
672;4946
673;4946
674;4946
675;4946
676;4946
677;4946
678;4946
679;4946
680;4946
681;4946
682;4946
683;4946
684;4946
685;4946
686;4946
687;4946
688;4946
689;4946
690;4946
691;4946
692;4946
693;4946
694;4946
695;4946
696;4946
697;4946
698;4946
699;4946
700;4946
701;4946
702;4946
703;4946
704;4946
705;4946
706;4946
707;4946
708;4946
709;4946
710;4946
711;4946
712;4946
713;4946
714;4946
715;4946
716;4946
717;4946
718;4946
719;4946
720;4946
721;4946
722;4946
723;4946
724;4946
725;4946
726;4946
727;4946
728;4946
729;4946
730;4946
731;4946
732;4946
733;4946
734;4946
735;4946
736;4946
737;4946
738;4946
739;4946
740;4946
741;4946
742;4946
743;4946
744;4946
745;4946
746;4946
747;4946
748;4946
749;4946
750;4944
751;4944
752;4944
753;4855
754;4855
755;4855
756;4855
757;4855
758;4855
759;4855
760;4855
761;4855
762;4855
763;4855
764;4855
765;4855
766;4855
767;4855
768;4855
769;4855
770;4855
771;4855
772;4855
773;4855
774;4855
775;4855
776;4855
777;4855
778;4855
779;4855
780;4855
781;4855
782;4855
783;4855
784;4855
785;4855
786;4855
787;4855
788;4855
789;4855
790;4855
791;4855
792;4855
793;4852
794;4852
795;4852
796;4852
797;4852
798;4852
799;4852
800;4852
801;4852
802;4852
803;4852
804;4852
805;4852
806;4852
807;4852
808;4852
809;4852
810;4852
811;4852
812;4852
813;4852
814;4852
815;4852
816;4852
817;4852
818;4852
819;4852
820;4852
821;4852
822;4852
823;4852
824;4852
825;4852
826;4852
827;4852
828;4852
829;4852
830;4852
831;4852
832;4852
833;4852
834;4852
835;4852
836;4852
837;4852
838;4852
839;4852
840;4852
841;4852
842;4852
843;4852
844;4852
845;4852
846;4852
847;4852
848;4852
849;4852
850;4852
851;4852
852;4852
853;4852
854;4852
855;4852
856;4852
857;4852
858;4852
859;4852
860;4852
861;4852
862;4852
863;4852
864;4852
865;4852
866;4852
867;4852
868;4852
869;4852
870;4852
871;4852
872;4852
873;4852
874;4852
875;4852
876;4852
877;4852
878;4852
879;4852
880;4852
881;4852
882;4852
883;4852
884;4852
885;4852
886;4852
887;4852
888;4852
889;4852
890;4852
891;4852
892;4852
893;4852
894;4852
895;4852
896;4852
897;4852
898;4852
899;4852
900;4852
901;4852
902;4852
903;4852
904;4852
905;4852
906;4852
907;4852
908;4852
909;4852
910;4852
911;4852
912;4852
913;4852
914;4852
915;4852
916;4852
917;4852
918;4852
919;4852
920;4852
921;4852
922;4852
923;4852
924;4852
925;4852
926;4852
927;4852
928;4852
929;4852
930;4852
931;4852
932;4852
933;4852
934;4852
935;4852
936;4852
937;4852
938;4852
939;4852
940;4852
941;4852
942;4852
943;4852
944;4852
945;4852
946;4852
947;4852
948;4852
949;4852
950;4852
951;4852
952;4852
953;4852
954;4852
955;4852
956;4852
957;4852
958;4852
959;4852
960;4852
961;4852
962;4852
963;4852
964;4852
965;4852
966;4852
967;4852
968;4852
969;4852
970;4852
971;4852
972;4852
973;4852
974;4852
975;4852
976;4852
977;4852
978;4852
979;4852
980;4852
981;4852
982;4852
983;4852
984;4852
985;4852
986;4852
987;4852
988;4852
989;4852
990;4852
991;4852
992;4852
993;4852
994;4852
995;4852
996;4852
997;4852
998;4852
999;4852
1000;4831
1001;4831
1002;4831
1003;4831
1004;4831
1005;4831
1006;4831
1007;4831
1008;4831
1009;4831
1010;4831
1011;4831
1012;4831
1013;4831
1014;4831
1015;4831
1016;4831
1017;4831
1018;4831
1019;4831
1020;4831
1021;4831
1022;4831
1023;4831
1024;4831
1025;4831
1026;4831
1027;4831
1028;4831
1029;4831
1030;4831
1031;4831
1032;4831
1033;4831
1034;4831
1035;4831
1036;4831
1037;4831
1038;4831
1039;4831
1040;4831
1041;4831
1042;4831
1043;4831
1044;4831
1045;4831
1046;4831
1047;4831
1048;4831
1049;4831
1050;4831
1051;4831
1052;4831
1053;4831
1054;4831
1055;4831
1056;4831
1057;4831
1058;4831
1059;4831
1060;4831
1061;4831
1062;4831
1063;4831
1064;4831
1065;4831
1066;4831
1067;4831
1068;4831
1069;4831
1070;4831
1071;4831
1072;4831
1073;4831
1074;4831
1075;4831
1076;4831
1077;4831
1078;4831
1079;4831
1080;4831
1081;4831
1082;4831
1083;4831
1084;4831
1085;4831
1086;4831
1087;4831
1088;4831
1089;4831
1090;4831
1091;4831
1092;4831
1093;4831
1094;4831
1095;4831
1096;4831
1097;4831
1098;4831
1099;4831
1100;4831
1101;4831
1102;4831
1103;4831
1104;4831
1105;4831
1106;4831
1107;4831
1108;4831
1109;4831
1110;4831
1111;4831
1112;4831
1113;4831
1114;4831
1115;4831
1116;4831
1117;4831
1118;4831
1119;4831
1120;4831
1121;4831
1122;4831
1123;4831
1124;4831
1125;4831
1126;4831
1127;4831
1128;4831
1129;4829
1130;4829
1131;4829
1132;4829
1133;4829
1134;4829
1135;4829
1136;4829
1137;4829
1138;4829
1139;4829
1140;4829
1141;4829
1142;4829
1143;4829
1144;4829
1145;4829
1146;4829
1147;4829
1148;4829
1149;4829
1150;4829
1151;4829
1152;4829
1153;4829
1154;4829
1155;4829
1156;4829
1157;4829
1158;4829
1159;4829
1160;4829
1161;4829
1162;4829
1163;4829
1164;4829
1165;4829
1166;4829
1167;4829
1168;4829
1169;4829
1170;4829
1171;4829
1172;4829
1173;4829
1174;4829
1175;4829
1176;4829
1177;4829
1178;4829
1179;4829
1180;4829
1181;4829
1182;4829
1183;4829
1184;4829
1185;4829
1186;4829
1187;4829
1188;4829
1189;4829
1190;4829
1191;4829
1192;4829
1193;4829
1194;4829
1195;4829
1196;4829
1197;4829
1198;4829
1199;4829
1200;4829
1201;4829
1202;4829
1203;4829
1204;4829
1205;4829
1206;4829
1207;4829
1208;4829
1209;4829
1210;4829
1211;4829
1212;4829
1213;4829
1214;4829
1215;4829
1216;4829
1217;4829
1218;4829
1219;4829
1220;4829
1221;4829
1222;4829
1223;4829
1224;4829
1225;4829
1226;4829
1227;4829
1228;4829
1229;4829
1230;4829
1231;4829
1232;4829
1233;4829
1234;4829
1235;4829
1236;4829
1237;4829
1238;4829
1239;4829
1240;4829
1241;4829
1242;4829
1243;4829
1244;4829
1245;4829
1246;4829
1247;4829
1248;4829
1249;4829
1250;4829
1251;4829
1252;4829
1253;4829
1254;4829
1255;4829
1256;4829
1257;4829
1258;4829
1259;4829
1260;4829
1261;4829
1262;4829
1263;4829
1264;4829
1265;4829
1266;4829
1267;4829
1268;4829
1269;4829
1270;4829
1271;4829
1272;4829
1273;4829
1274;4829
1275;4829
1276;4829
1277;4829
1278;4829
1279;4829
1280;4829
1281;4829
1282;4829
1283;4829
1284;4829
1285;4829
1286;4829
1287;4829
1288;4829
1289;4829
1290;4829
1291;4829
1292;4829
1293;4829
1294;4829
1295;4829
1296;4829
1297;4829
1298;4829
1299;4829
1300;4829
1301;4829
1302;4829
1303;4829
1304;4829
1305;4829
1306;4829
1307;4829
1308;4829
1309;4829
1310;4829
1311;4829
1312;4829
1313;4829
1314;4829
1315;4829
1316;4829
1317;4829
1318;4829
1319;4829
1320;4829
1321;4829
1322;4829
1323;4829
1324;4829
1325;4829
1326;4829
1327;4829
1328;4829
1329;4829
1330;4829
1331;4829
1332;4829
1333;4829
1334;4829
1335;4829
1336;4829
1337;4829
1338;4829
1339;4829
1340;4829
1341;4829
1342;4829
1343;4829
1344;4829
1345;4829
1346;4829
1347;4829
1348;4829
1349;4829
1350;4829
1351;4829
1352;4829
1353;4829
1354;4829
1355;4829
1356;4829
1357;4829
1358;4829
1359;4829
1360;4829
1361;4829
1362;4829
1363;4829
1364;4829
1365;4829
1366;4829
1367;4829
1368;4829
1369;4829
1370;4829
1371;4829
1372;4829
1373;4829
1374;4829
1375;4829
1376;4829
1377;4829
1378;4829
1379;4829
1380;4829
1381;4829
1382;4829
1383;4829
1384;4829
1385;4829
1386;4829
1387;4829
1388;4829
1389;4829
1390;4829
1391;4829
1392;4829
1393;4829
1394;4829
1395;4829
1396;4829
1397;4829
1398;4829
1399;4829
1400;4829
1401;4829
1402;4829
1403;4829
1404;4829
1405;4829
1406;4829
1407;4829
1408;4829
1409;4829
1410;4829
1411;4829
1412;4829
1413;4829
1414;4829
1415;4829
1416;4829
1417;4829
1418;4829
1419;4829
1420;4829
1421;4829
1422;4829
1423;4829
1424;4829
1425;4829
1426;4829
1427;4829
1428;4829
1429;4829
1430;4829
1431;4829
1432;4829
1433;4829
1434;4829
1435;4829
1436;4829
1437;4829
1438;4829
1439;4829
1440;4829
1441;4829
1442;4829
1443;4829
1444;4829
1445;4829
1446;4829
1447;4829
1448;4829
1449;4829
1450;4829
1451;4829
1452;4829
1453;4829
1454;4829
1455;4829
1456;4829
1457;4829
1458;4829
1459;4829
1460;4829
1461;4829
1462;4829
1463;4829
1464;4829
1465;4829
1466;4829
1467;4829
1468;4829
1469;4829
1470;4829
1471;4829
1472;4829
1473;4829
1474;4829
1475;4829
1476;4829
1477;4829
1478;4829
1479;4829
1480;4829
1481;4829
1482;4829
1483;4829
1484;4829
1485;4829
1486;4829
1487;4829
1488;4829
1489;4829
1490;4829
1491;4829
1492;4829
1493;4829
1494;4829
1495;4829
1496;4829
1497;4829
1498;4829
1499;4829
1500;4829
1501;4829
1502;4829
1503;4829
1504;4829
1505;4829
1506;4829
1507;4829
1508;4829
1509;4829
1510;4829
1511;4829
1512;4829
1513;4829
1514;4829
1515;4829
1516;4829
1517;4829
1518;4829
1519;4829
1520;4829
1521;4829
1522;4829
1523;4829
1524;4829
1525;4829
1526;4829
1527;4829
1528;4829
1529;4829
1530;4829
1531;4829
1532;4829
1533;4829
1534;4829
1535;4829
1536;4829
1537;4829
1538;4829
1539;4829
1540;4829
1541;4829
1542;4829
1543;4829
1544;4829
1545;4829
1546;4829
1547;4829
1548;4829
1549;4829
1550;4829
1551;4829
1552;4829
1553;4829
1554;4829
1555;4829
1556;4829
1557;4829
1558;4829
1559;4829
1560;4829
1561;4829
1562;4829
1563;4829
1564;4829
1565;4829
1566;4829
1567;4829
1568;4829
1569;4829
1570;4829
1571;4829
1572;4829
1573;4829
1574;4829
1575;4829
1576;4829
1577;4829
1578;4829
1579;4829
1580;4829
1581;4829
1582;4829
1583;4829
1584;4829
1585;4829
1586;4829
1587;4829
1588;4829
1589;4829
1590;4829
1591;4829
1592;4829
1593;4829
1594;4829
1595;4829
1596;4829
1597;4829
1598;4829
1599;4829
1600;4829
1601;4829
1602;4829
1603;4829
1604;4829
1605;4829
1606;4829
1607;4829
1608;4829
1609;4829
1610;4829
1611;4829
1612;4829
1613;4829
1614;4829
1615;4829
1616;4829
1617;4829
1618;4829
1619;4829
1620;4829
1621;4829
1622;4829
1623;4829
1624;4829
1625;4829
1626;4829
1627;4829
1628;4829
1629;4829
1630;4829
1631;4829
1632;4829
1633;4829
1634;4829
1635;4829
1636;4829
1637;4829
1638;4829
1639;4829
1640;4829
1641;4829
1642;4829
1643;4829
1644;4829
1645;4829
1646;4829
1647;4829
1648;4829
1649;4829
1650;4829
1651;4829
1652;4829
1653;4829
1654;4829
1655;4829
1656;4829
1657;4829
1658;4829
1659;4829
1660;4829
1661;4829
1662;4829
1663;4829
1664;4829
1665;4829
1666;4829
1667;4829
1668;4829
1669;4829
1670;4829
1671;4829
1672;4829
1673;4829
1674;4829
1675;4829
1676;4829
1677;4829
1678;4829
1679;4829
1680;4829
1681;4829
1682;4829
1683;4829
1684;4829
1685;4829
1686;4829
1687;4829
1688;4829
1689;4829
1690;4829
1691;4829
1692;4829
1693;4829
1694;4829
1695;4829
1696;4829
1697;4829
1698;4829
1699;4829
1700;4829
1701;4829
1702;4829
1703;4829
1704;4829
1705;4829
1706;4829
1707;4829
1708;4829
1709;4829
1710;4829
1711;4829
1712;4829
1713;4829
1714;4829
1715;4829
1716;4829
1717;4829
1718;4829
1719;4829
1720;4829
1721;4829
1722;4829
1723;4829
1724;4829
1725;4829
1726;4829
1727;4829
1728;4829
1729;4829
1730;4829
1731;4829
1732;4829
1733;4829
1734;4829
1735;4829
1736;4829
1737;4829
1738;4829
1739;4829
1740;4829
1741;4829
1742;4829
1743;4829
1744;4829
1745;4829
1746;4829
1747;4829
1748;4829
1749;4829
1750;4829
1751;4829
1752;4829
1753;4829
1754;4829
1755;4829
1756;4829
1757;4829
1758;4829
1759;4829
1760;4829
1761;4829
1762;4829
1763;4829
1764;4829
1765;4829
1766;4829
1767;4829
1768;4829
1769;4829
1770;4829
1771;4829
1772;4829
1773;4829
1774;4829
1775;4829
1776;4829
1777;4829
1778;4829
1779;4829
1780;4829
1781;4829
1782;4829
1783;4829
1784;4829
1785;4829
1786;4829
1787;4829
1788;4829
1789;4829
1790;4829
1791;4829
1792;4829
1793;4829
1794;4829
1795;4829
1796;4829
1797;4829
1798;4829
1799;4829
1800;4829
1801;4829
1802;4829
1803;4829
1804;4829
1805;4829
1806;4829
1807;4829
1808;4829
1809;4829
1810;4829
1811;4829
1812;4829
1813;4829
1814;4829
1815;4829
1816;4829
1817;4829
1818;4829
1819;4829
1820;4829
1821;4829
1822;4829
1823;4829
1824;4829
1825;4829
1826;4829
1827;4829
1828;4829
1829;4829
1830;4829
1831;4829
1832;4829
1833;4829
1834;4829
1835;4829
1836;4829
1837;4829
1838;4829
1839;4829
1840;4829
1841;4829
1842;4829
1843;4829
1844;4829
1845;4829
1846;4829
1847;4829
1848;4829
1849;4829
1850;4829
1851;4829
1852;4829
1853;4829
1854;4829
1855;4829
1856;4829
1857;4829
1858;4829
1859;4829
1860;4829
1861;4829
1862;4829
1863;4829
1864;4829
1865;4829
1866;4829
1867;4829
1868;4829
1869;4829
1870;4829
1871;4829
1872;4829
1873;4829
1874;4829
1875;4829
1876;4829
1877;4829
1878;4829
1879;4829
1880;4829
1881;4829
1882;4829
1883;4829
1884;4829
1885;4829
1886;4829
1887;4829
1888;4829
1889;4829
1890;4829
1891;4829
1892;4829
1893;4829
1894;4829
1895;4829
1896;4829
1897;4829
1898;4829
1899;4829
1900;4829
1901;4829
1902;4829
1903;4829
1904;4829
1905;4829
1906;4829
1907;4829
1908;4829
1909;4829
1910;4829
1911;4829
1912;4829
1913;4829
1914;4829
1915;4829
1916;4829
1917;4829
1918;4829
1919;4829
1920;4829
1921;4829
1922;4829
1923;4829
1924;4829
1925;4829
1926;4829
1927;4829
1928;4829
1929;4829
1930;4829
1931;4829
1932;4829
1933;4829
1934;4829
1935;4829
1936;4829
1937;4829
1938;4829
1939;4829
1940;4829
1941;4829
1942;4829
1943;4829
1944;4829
1945;4829
1946;4829
1947;4829
1948;4829
1949;4829
1950;4829
1951;4829
1952;4829
1953;4829
1954;4829
1955;4829
1956;4829
1957;4829
1958;4829
1959;4829
1960;4829
1961;4829
1962;4829
1963;4829
1964;4829
1965;4829
1966;4829
1967;4829
1968;4829
1969;4829
1970;4829
1971;4829
1972;4829
1973;4829
1974;4829
1975;4829
1976;4829
1977;4829
1978;4829
1979;4829
1980;4829
1981;4829
1982;4829
1983;4829
1984;4829
1985;4829
1986;4829
1987;4829
1988;4829
1989;4829
1990;4829
1991;4829
1992;4829
1993;4829
1994;4829
1995;4829
1996;4829
1997;4829
1998;4829
1999;4829
2000;4829
